## number of indices and start and end years in scaIndex.dat
# n3PAgeSeries
3

# nTAgeSeries
2

# nAgeSeries
5

# ageIndex
1 2 3 4 5

# index min ages
2 4 3 4 2

# index max ages
11 10 9 6 3

# ageFirstYear
1 9 38 17 17

# ageLastYear
45 45 45 45 44

## proportions at age
# paaCatchN
0.00396	0.07641	0.14176	0.15118	0.04481	0.00343	0.01429	0.00170	0.00801	0.07722	0.00166	0.00282	0.02206	0.00138	0.00010	0.00101	0.00000	0.00015	0.00000	0.00442	0.00044	0.00732	0.00818	0.01518	0.00291	0.00202	0.00090	0.00641	0.00707	0.01318	0.01765	0.00679	0.00000	0.00000	0.00011	0.00000	0.00050	0.00000	0.00036	0.00000	0.00000	0.00000	0.00000	0.00000	0.00010
0.10002	0.28162	0.50126	0.56071	0.35679	0.33720	0.25597	0.07682	0.12886	0.23774	0.18087	0.13160	0.16183	0.35430	0.06151	0.07918	0.04531	0.03414	0.13782	0.13464	0.12328	0.22832	0.17043	0.26157	0.22901	0.13857	0.32660	0.06531	0.07074	0.17439	0.26163	0.26002	0.04923	0.03098	0.00726	0.01644	0.00129	0.01965	0.03788	0.01229	0.00001	0.00095	0.00329	0.00715	0.00789
0.20822	0.19866	0.17094	0.22581	0.36554	0.18815	0.30086	0.26206	0.13077	0.14438	0.29831	0.21917	0.14119	0.25557	0.38355	0.29140	0.11639	0.18063	0.24485	0.42099	0.32286	0.29297	0.50097	0.29722	0.31134	0.29287	0.32587	0.52194	0.36041	0.17270	0.17062	0.42447	0.33170	0.10931	0.12114	0.13926	0.07385	0.04662	0.11371	0.10084	0.02549	0.02476	0.04272	0.11017	0.03879
0.23380	0.13950	0.05969	0.03065	0.19057	0.33529	0.20999	0.24363	0.28208	0.12328	0.13652	0.25415	0.20664	0.09437	0.20626	0.35091	0.23419	0.19028	0.23628	0.17922	0.31007	0.29923	0.19417	0.30968	0.22961	0.18885	0.14673	0.23996	0.39026	0.32456	0.20133	0.12337	0.33352	0.37433	0.25380	0.35681	0.19382	0.28717	0.24926	0.15155	0.23407	0.22664	0.09562	0.11341	0.19116
0.04458	0.08711	0.05105	0.01022	0.02143	0.10244	0.14800	0.17800	0.23782	0.18332	0.10744	0.14618	0.20487	0.09456	0.07832	0.11935	0.36561	0.21266	0.11954	0.11838	0.08943	0.11231	0.06899	0.07678	0.13103	0.13098	0.08385	0.08327	0.09500	0.23250	0.15808	0.10292	0.14909	0.34411	0.36759	0.27890	0.38129	0.25521	0.28705	0.26948	0.30742	0.43302	0.34100	0.15102	0.14461
0.07510	0.04554	0.02708	0.01233	0.00699	0.02271	0.05295	0.12779	0.12131	0.10936	0.11710	0.06522	0.08552	0.09809	0.07619	0.04499	0.10885	0.23491	0.10661	0.04722	0.07142	0.02808	0.03719	0.02446	0.06373	0.14612	0.05944	0.03992	0.02604	0.05770	0.15081	0.06037	0.06581	0.04850	0.16601	0.15462	0.20051	0.26418	0.20550	0.31124	0.25015	0.16536	0.28091	0.35767	0.16877
0.13939	0.03278	0.01389	0.00207	0.00384	0.00441	0.01003	0.06446	0.05492	0.07994	0.07308	0.08071	0.06145	0.03722	0.06427	0.04174	0.05586	0.08401	0.10883	0.03900	0.03090	0.01770	0.00966	0.00933	0.01677	0.06371	0.03872	0.02364	0.02998	0.01161	0.02516	0.01671	0.04867	0.04517	0.03335	0.04100	0.13012	0.09550	0.06813	0.10879	0.11873	0.10509	0.18136	0.18260	0.24673
0.01532	0.05379	0.01705	0.00485	0.00266	0.00160	0.00453	0.03644	0.02277	0.02800	0.03250	0.05238	0.06866	0.01907	0.03614	0.02355	0.02720	0.03088	0.02494	0.03931	0.01662	0.00720	0.00553	0.00357	0.00801	0.02126	0.01204	0.01744	0.01266	0.00838	0.00593	0.00293	0.01909	0.03680	0.03761	0.01036	0.01629	0.02313	0.03180	0.03897	0.04684	0.03322	0.04565	0.06649	0.15505
0.02294	0.01424	0.01090	0.00218	0.00214	0.00372	0.00245	0.00909	0.01104	0.01376	0.03561	0.03622	0.04541	0.03141	0.05790	0.02719	0.04057	0.02638	0.01847	0.01377	0.03325	0.00591	0.00384	0.00203	0.00540	0.01288	0.00587	0.00180	0.00738	0.00488	0.00878	0.00242	0.00288	0.01071	0.01310	0.00214	0.00232	0.00812	0.00607	0.00682	0.01727	0.01074	0.00891	0.01150	0.04689
0.15667	0.07034	0.00637	0.00000	0.00524	0.00105	0.00093	0.00000	0.00241	0.00300	0.01692	0.01154	0.00238	0.01403	0.03574	0.02069	0.00602	0.00595	0.00266	0.00306	0.00173	0.00095	0.00105	0.00018	0.00219	0.00274	0.00000	0.00030	0.00047	0.00010	0.00000	0.00000	0.00000	0.00008	0.00003	0.00049	0.00000	0.00041	0.00025	0.00000	0.00002	0.00022	0.00054	0.00000	0.00001

#paaCatchM                                                                                                                                                                                                                           
0.00108	0.00000	0.01285	0.00015	0.00000	0.00000	0.00000	0.00000	0.00000	0.00010	0.00000	0.00000	0.00000	0.00000	0.00000	0.00000	0.00000	0.00000	0.00000	0.00000	0.00000	0.00000	0.00000	0.00000	0.00000	0.00000	0.00000	0.00251	0.00003	0.00000	0.00000	0.00000	0.00000	0.00000	0.00000	0.00000	0.00000	0.00000	0.00000	0.00000	0.00000	0.00000	0.00000	0.00000	0.00000
0.05253	0.02670	0.16626	0.11339	0.02244	0.21847	0.01072	0.01027	0.01292	0.04108	0.07900	0.00422	0.03300	0.00643	0.00120	0.00000	0.00000	0.00000	0.00037	0.04113	0.00292	0.00000	0.00029	0.01156	0.01694	0.00388	0.00041	0.02159	0.00078	0.01168	0.03770	0.00257	0.00155	0.00001	0.00023	0.00021	0.00000	0.00000	0.02864	0.00492	0.00000	0.00000	0.00000	0.00075	0.00099
0.28214	0.15999	0.15127	0.54564	0.41962	0.42367	0.25997	0.05878	0.21844	0.11135	0.24550	0.14456	0.21523	0.36829	0.24464	0.01831	0.04532	0.00535	0.15819	0.19594	0.17374	0.26455	0.24646	0.16640	0.27157	0.17797	0.15401	0.18016	0.05270	0.04540	0.32188	0.20864	0.03948	0.01060	0.00505	0.03245	0.00000	0.01347	0.02140	0.00539	0.00391	0.00677	0.00000	0.00947	0.01089
0.15096	0.08765	0.28617	0.14468	0.43483	0.14603	0.39341	0.33404	0.18296	0.20633	0.22227	0.26912	0.15681	0.10196	0.57336	0.31728	0.06561	0.23621	0.07983	0.40958	0.15606	0.35155	0.47126	0.40949	0.23893	0.37315	0.27942	0.35534	0.23185	0.10966	0.06807	0.37069	0.26316	0.05468	0.06021	0.04183	0.17068	0.03947	0.06422	0.04191	0.04384	0.01228	0.03090	0.08960	0.02374
0.04296	0.16196	0.08947	0.08564	0.05122	0.16577	0.13701	0.26122	0.33401	0.17891	0.19510	0.23841	0.16481	0.07967	0.08136	0.41666	0.32477	0.08178	0.42277	0.07259	0.33423	0.13905	0.17366	0.29045	0.21723	0.17461	0.19720	0.24318	0.38689	0.31104	0.11872	0.08584	0.38772	0.31823	0.26807	0.23726	0.09417	0.37317	0.34658	0.14394	0.16146	0.11119	0.02362	0.10839	0.14031
0.06302	0.03899	0.03949	0.04025	0.03143	0.03207	0.14271	0.14119	0.15330	0.35833	0.09132	0.12942	0.28681	0.10646	0.03526	0.07922	0.43528	0.28501	0.04113	0.15218	0.06132	0.08779	0.05610	0.08800	0.20277	0.11777	0.14066	0.07389	0.14289	0.31413	0.14080	0.18960	0.11266	0.40861	0.35698	0.36239	0.30331	0.16089	0.28446	0.26570	0.42461	0.37457	0.27071	0.13897	0.12122
0.21078	0.08808	0.05211	0.04441	0.02759	0.00947	0.04371	0.13306	0.05941	0.03482	0.09509	0.08178	0.06014	0.12265	0.01940	0.03962	0.05321	0.24730	0.11154	0.03009	0.10988	0.03549	0.03108	0.01898	0.03726	0.11783	0.12486	0.05929	0.07286	0.12093	0.22510	0.09120	0.09845	0.07782	0.25119	0.21964	0.33492	0.26729	0.15868	0.32613	0.31364	0.17741	0.28507	0.37172	0.22587
0.01114	0.08013	0.10359	0.00353	0.00004	0.00303	0.01011	0.05090	0.02893	0.03144	0.07041	0.07221	0.04347	0.07392	0.01435	0.02672	0.01712	0.03319	0.12491	0.03550	0.02363	0.07775	0.00924	0.00627	0.00489	0.02642	0.07321	0.04270	0.05436	0.04834	0.04060	0.03173	0.05616	0.05856	0.02859	0.09549	0.06450	0.10796	0.07092	0.18565	0.03153	0.23244	0.21744	0.20517	0.29650
0.00660	0.05459	0.02810	0.00577	0.00001	0.00072	0.00139	0.01040	0.00380	0.03539	0.00128	0.03328	0.03277	0.03804	0.00747	0.04114	0.02173	0.00573	0.03051	0.03770	0.05300	0.00757	0.00824	0.00000	0.00415	0.00347	0.02540	0.01836	0.04306	0.02416	0.03836	0.01351	0.02618	0.05499	0.01609	0.00887	0.03242	0.03775	0.02509	0.02546	0.02101	0.07113	0.10521	0.05166	0.14189
0.17880	0.30191	0.07070	0.01655	0.01283	0.00077	0.00098	0.00014	0.00624	0.00224	0.00003	0.02700	0.00697	0.10258	0.02296	0.06106	0.03696	0.10542	0.03075	0.02529	0.08521	0.03625	0.00367	0.00883	0.00626	0.00491	0.00484	0.00298	0.01458	0.01464	0.00877	0.00623	0.01463	0.01651	0.01358	0.00186	0.00001	0.00000	0.00000	0.00090	0.00000	0.01422	0.06705	0.02427	0.03859

#paaCatchS                                                                                                                                                                                                                           
0.03154	0.16932	0.00835	0.03511	0.00000	0.00000	0.00000	0.00000	0.01333	0.00009	0.00000	0.00000	0.00000	0.00000	0.00000	0.00000	0.00000	0.00040	0.00000	0.00000	0.00000	0.00028	0.00303	0.00948	0.01093	0.00184	0.00599	0.00000	0.00309	0.00000	0.00001	0.00000	0.00000	0.00000	0.00000	0.00000	0.00000	0.00000	0.00000	0.00000	0.00000	0.00000	0.00000	0.00000	0.00000
0.45010	0.06631	0.33404	0.29586	0.04995	0.08011	0.02183	0.01061	0.04076	0.02145	0.01025	0.00215	0.01508	0.00424	0.00332	0.00000	0.00000	0.00862	0.02037	0.03640	0.00005	0.01145	0.02571	0.07164	0.03207	0.03758	0.02752	0.00004	0.00529	0.00771	0.00542	0.00565	0.00005	0.00001	0.00000	0.00032	0.00000	0.00180	0.01256	0.00012	0.00000	0.00000	0.00000	0.00000	0.00000
0.17354	0.28450	0.15313	0.45909	0.38313	0.36668	0.49517	0.10813	0.43964	0.19036	0.09245	0.06363	0.08684	0.29805	0.07769	0.02532	0.05603	0.01095	0.08268	0.08387	0.17533	0.13323	0.15193	0.05309	0.27236	0.10133	0.15521	0.00535	0.03970	0.00413	0.09011	0.03298	0.03142	0.00526	0.00056	0.01309	0.01286	0.00002	0.01882	0.02452	0.00154	0.00282	0.00088	0.00241	0.01013
0.07950	0.15872	0.26506	0.10774	0.21750	0.24346	0.19776	0.47424	0.12437	0.21544	0.35003	0.09792	0.08702	0.10268	0.37472	0.24799	0.02534	0.17582	0.05980	0.44534	0.08401	0.43622	0.43017	0.30912	0.13801	0.44301	0.19517	0.15557	0.10498	0.12708	0.03289	0.28408	0.11750	0.12706	0.02516	0.02665	0.09334	0.05369	0.14377	0.01920	0.06547	0.00417	0.02758	0.02922	0.04371
0.02545	0.09813	0.11630	0.04643	0.16830	0.16444	0.16336	0.20767	0.25780	0.10288	0.20243	0.39100	0.09654	0.07809	0.07185	0.31380	0.23526	0.05930	0.22615	0.04982	0.29750	0.07925	0.25546	0.29351	0.24808	0.09369	0.36730	0.25715	0.26602	0.18733	0.12213	0.14229	0.42823	0.12618	0.26942	0.21605	0.06589	0.25611	0.37634	0.23581	0.26910	0.17543	0.07965	0.20681	0.15851
0.03765	0.02696	0.05832	0.03024	0.11424	0.05195	0.08078	0.10178	0.07209	0.23689	0.10201	0.19670	0.44572	0.07128	0.04615	0.08798	0.32070	0.25170	0.09311	0.18111	0.07559	0.17668	0.04423	0.17675	0.20085	0.16774	0.09399	0.40123	0.27029	0.34059	0.22372	0.28358	0.11108	0.42650	0.30252	0.47140	0.24463	0.13708	0.20626	0.47503	0.26541	0.43677	0.27514	0.16394	0.22093
0.07231	0.04159	0.01534	0.01252	0.04179	0.05655	0.02432	0.06978	0.03511	0.10646	0.14142	0.08652	0.12390	0.22579	0.08264	0.04303	0.03989	0.22238	0.17996	0.03195	0.17373	0.04933	0.05318	0.03796	0.05866	0.11309	0.08357	0.07625	0.19974	0.21162	0.27835	0.09373	0.13819	0.13672	0.32476	0.17320	0.43550	0.38018	0.15177	0.16831	0.30722	0.18411	0.31460	0.38524	0.14964
0.01497	0.02648	0.01936	0.00834	0.01769	0.02566	0.01250	0.01627	0.01105	0.07244	0.06421	0.11712	0.05633	0.07741	0.17548	0.06040	0.05662	0.05672	0.16345	0.06235	0.03411	0.05924	0.01025	0.02771	0.01494	0.02976	0.04837	0.07774	0.06606	0.06806	0.12748	0.04972	0.09043	0.06800	0.03463	0.09260	0.09777	0.10501	0.06892	0.06268	0.05890	0.13532	0.17693	0.16413	0.21645
0.01690	0.00721	0.01630	0.00377	0.00408	0.00246	0.00338	0.01070	0.00236	0.03149	0.02195	0.03033	0.05787	0.05329	0.07315	0.06799	0.09791	0.06224	0.04508	0.05510	0.06856	0.01972	0.01533	0.00780	0.01583	0.00519	0.01425	0.02183	0.03506	0.04054	0.06762	0.07207	0.05070	0.03966	0.00983	0.00338	0.04852	0.05924	0.02020	0.01318	0.02755	0.04303	0.11016	0.02090	0.13154
0.09804	0.12077	0.01379	0.00090	0.00332	0.00868	0.00091	0.00082	0.00349	0.02249	0.01525	0.01464	0.03070	0.08917	0.09500	0.15348	0.16825	0.15187	0.12939	0.05406	0.09111	0.03459	0.01071	0.01294	0.00826	0.00677	0.00862	0.00486	0.00978	0.01293	0.05227	0.03590	0.03239	0.07062	0.03312	0.00329	0.00149	0.00687	0.00136	0.00117	0.00483	0.01835	0.01505	0.02736	0.06909

## cpue proportions at age
# paaCPUEn
-1.0000	-1.0000	-1.0000	-1.0000	-1.0000	-1.0000	-1.0000	-1.0000	-1.0000	-1.0000	-1.0000	-1.0000	-1.0000	-1.0000	-1.0000	-1.0000	-1.0000	-1.0000	-1.0000	-1.0000	-1.0000	-1.0000	-1.0000	-1.0000	-1.0000	-1.0000	-1.0000	-1.0000	-1.0000	-1.0000	-1.0000	-1.0000	-1.0000	-1.0000	-1.0000	-1.0000	-1.0000	-1.0000	-1.0000	-1.0000	-1.0000	-1.0000	-1.0000	-1.0000	-1.0000
-1.0000	-1.0000	-1.0000	-1.0000	-1.0000	-1.0000	-1.0000	-1.0000	-1.0000	-1.0000	-1.0000	-1.0000	-1.0000	-1.0000	-1.0000	-1.0000	-1.0000	-1.0000	-1.0000	-1.0000	-1.0000	-1.0000	-1.0000	-1.0000	-1.0000	-1.0000	-1.0000	-1.0000	-1.0000	-1.0000	-1.0000	-1.0000	-1.0000	-1.0000	-1.0000	-1.0000	-1.0000	-1.0000	-1.0000	-1.0000	-1.0000	-1.0000	-1.0000	-1.0000	-1.0000
-1.0000	-1.0000	-1.0000	-1.0000	-1.0000	-1.0000	-1.0000	-1.0000	0.1458	0.2726	0.2032	0.1582	0.1608	0.4704	0.0810	0.0370	0.0567	0.0324	0.1748	0.1382	0.1270	0.2261	0.1735	0.2572	0.2911	0.1402	0.3785	0.0494	0.0664	0.0600	0.2272	0.2500	0.0433	0.0244	0.0022	0.0144	0.0016	0.0015	0.0224	0.0105	0.0000	0.0011	0.0036	0.0072	0.0082
-1.0000	-1.0000	-1.0000	-1.0000	-1.0000	-1.0000	-1.0000	-1.0000	0.1431	0.1646	0.3491	0.2582	0.1468	0.1196	0.4913	0.3801	0.0911	0.2356	0.2114	0.4761	0.3482	0.2721	0.5660	0.3252	0.3184	0.2951	0.2825	0.5516	0.4126	0.1776	0.1445	0.4266	0.3705	0.0942	0.1237	0.1232	0.0770	0.0453	0.0925	0.1003	0.0215	0.0141	0.0225	0.1115	0.0401
-1.0000	-1.0000	-1.0000	-1.0000	-1.0000	-1.0000	-1.0000	-1.0000	0.3225	0.1493	0.1340	0.2760	0.2279	0.0882	0.1405	0.4408	0.2729	0.1091	0.2844	0.1468	0.3324	0.3384	0.1506	0.3351	0.2233	0.1981	0.1372	0.2198	0.4003	0.4039	0.2308	0.1174	0.3198	0.3948	0.2536	0.3972	0.1697	0.3217	0.2519	0.1512	0.2590	0.2391	0.0771	0.1147	0.2000
-1.0000	-1.0000	-1.0000	-1.0000	-1.0000	-1.0000	-1.0000	-1.0000	0.2259	0.2227	0.1189	0.1342	0.2418	0.1309	0.0819	0.0618	0.4119	0.2632	0.0625	0.1308	0.0832	0.1202	0.0634	0.0512	0.1201	0.1397	0.0831	0.0846	0.0595	0.2778	0.1872	0.1161	0.1106	0.3576	0.3781	0.2849	0.4233	0.2392	0.3118	0.2722	0.3137	0.4475	0.3636	0.1528	0.1515
-1.0000	-1.0000	-1.0000	-1.0000	-1.0000	-1.0000	-1.0000	-1.0000	0.1071	0.1020	0.1089	0.0615	0.0914	0.1253	0.0891	0.0346	0.0785	0.2794	0.1189	0.0252	0.0793	0.0238	0.0348	0.0231	0.0314	0.1668	0.0644	0.0467	0.0169	0.0593	0.1809	0.0677	0.0739	0.0406	0.1691	0.1463	0.1949	0.2883	0.2174	0.3159	0.2446	0.1556	0.2982	0.3618	0.1775
-1.0000	-1.0000	-1.0000	-1.0000	-1.0000	-1.0000	-1.0000	-1.0000	0.0489	0.0618	0.0579	0.0773	0.0640	0.0403	0.0784	0.0356	0.0610	0.0489	0.1296	0.0437	0.0114	0.0152	0.0067	0.0063	0.0093	0.0417	0.0442	0.0281	0.0319	0.0111	0.0219	0.0188	0.0581	0.0463	0.0337	0.0314	0.1319	0.0896	0.0707	0.1104	0.1186	0.1080	0.1872	0.1847	0.2595
-1.0000	-1.0000	-1.0000	-1.0000	-1.0000	-1.0000	-1.0000	-1.0000	0.0066	0.0271	0.0281	0.0346	0.0673	0.0252	0.0378	0.0101	0.0279	0.0314	0.0184	0.0392	0.0185	0.0041	0.0050	0.0020	0.0064	0.0183	0.0102	0.0199	0.0123	0.0103	0.0074	0.0033	0.0237	0.0420	0.0395	0.0025	0.0017	0.0142	0.0332	0.0394	0.0426	0.0346	0.0478	0.0673	0.1632
-1.0000	-1.0000	-1.0000	-1.0000	-1.0000	-1.0000	-1.0000	-1.0000	-1.0000	-1.0000	-1.0000	-1.0000	-1.0000	-1.0000	-1.0000	-1.0000	-1.0000	-1.0000	-1.0000	-1.0000	-1.0000	-1.0000	-1.0000	-1.0000	-1.0000	-1.0000	-1.0000	-1.0000	-1.0000	-1.0000	-1.0000	-1.0000	-1.0000	-1.0000	-1.0000	-1.0000	-1.0000	-1.0000	-1.0000	-1.0000	-1.0000	-1.0000	-1.0000	-1.0000	-1.0000

#paaCPUEm                                                                                                                                                                                                                            
-1.0000	-1.0000	-1.0000	-1.0000	-1.0000	-1.0000	-1.0000	-1.0000	-1.0000	-1.0000	-1.0000	-1.0000	-1.0000	-1.0000	-1.0000	-1.0000	-1.0000	-1.0000	-1.0000	-1.0000	-1.0000	-1.0000	-1.0000	-1.0000	-1.0000	-1.0000	-1.0000	-1.0000	-1.0000	-1.0000	-1.0000	-1.0000	-1.0000	-1.0000	-1.0000	-1.0000	-1.0000	-1.0000	-1.0000	-1.0000	-1.0000	-1.0000	-1.0000	-1.0000	-1.0000
-1.0000	-1.0000	-1.0000	-1.0000	-1.0000	-1.0000	-1.0000	-1.0000	-1.0000	-1.0000	-1.0000	-1.0000	-1.0000	-1.0000	-1.0000	-1.0000	-1.0000	-1.0000	-1.0000	-1.0000	-1.0000	-1.0000	-1.0000	-1.0000	-1.0000	-1.0000	-1.0000	-1.0000	-1.0000	-1.0000	-1.0000	-1.0000	-1.0000	-1.0000	-1.0000	-1.0000	-1.0000	-1.0000	-1.0000	-1.0000	-1.0000	-1.0000	-1.0000	-1.0000	-1.0000
-1.0000	-1.0000	-1.0000	-1.0000	-1.0000	-1.0000	-1.0000	-1.0000	0.2233	0.1147	0.2663	0.1500	0.2209	0.4093	0.2465	0.0193	0.0418	0.0056	0.1301	0.1961	0.2039	0.2745	0.2474	0.1699	0.2763	0.1795	0.1548	0.0616	0.0493	0.0400	0.3376	0.2105	0.0356	0.0108	0.0046	0.0208	0.0000	0.0060	0.0129	0.0052	0.0043	0.0069	0.0000	0.0097	0.0113
-1.0000	-1.0000	-1.0000	-1.0000	-1.0000	-1.0000	-1.0000	-1.0000	0.1854	0.2163	0.2427	0.2780	0.1597	0.1108	0.5980	0.3641	0.0675	0.2625	0.0803	0.4451	0.1715	0.3648	0.4731	0.4180	0.2468	0.3765	0.2809	0.3800	0.2249	0.1146	0.0714	0.3740	0.2672	0.0556	0.0605	0.0396	0.1473	0.0384	0.0568	0.0416	0.0401	0.0125	0.0331	0.0919	0.0247
-1.0000	-1.0000	-1.0000	-1.0000	-1.0000	-1.0000	-1.0000	-1.0000	0.3427	0.1882	0.2131	0.2475	0.1733	0.0913	0.0816	0.4570	0.3394	0.0894	0.4609	0.0803	0.3481	0.1443	0.1743	0.2965	0.2182	0.1762	0.1982	0.3077	0.4007	0.3178	0.1245	0.0866	0.3962	0.3236	0.2712	0.2478	0.0922	0.3673	0.3640	0.1439	0.1664	0.1128	0.0253	0.1112	0.1461
-1.0000	-1.0000	-1.0000	-1.0000	-1.0000	-1.0000	-1.0000	-1.0000	0.1563	0.3759	0.0978	0.1348	0.3050	0.1199	0.0339	0.0780	0.4565	0.3212	0.0398	0.1673	0.0702	0.0911	0.0563	0.0898	0.2111	0.1188	0.1414	0.0925	0.1480	0.3279	0.1477	0.1913	0.1155	0.4155	0.3639	0.3703	0.3153	0.1634	0.2988	0.2678	0.4208	0.3800	0.2902	0.1425	0.1262
-1.0000	-1.0000	-1.0000	-1.0000	-1.0000	-1.0000	-1.0000	-1.0000	0.0607	0.0355	0.1024	0.0830	0.0629	0.1415	0.0193	0.0329	0.0557	0.2792	0.1198	0.0317	0.1310	0.0368	0.0312	0.0194	0.0379	0.1189	0.1255	0.0797	0.0755	0.1248	0.2361	0.0920	0.1010	0.0791	0.2544	0.2270	0.3475	0.2772	0.1667	0.3289	0.3199	0.1800	0.3056	0.3813	0.2352
-1.0000	-1.0000	-1.0000	-1.0000	-1.0000	-1.0000	-1.0000	-1.0000	0.0280	0.0328	0.0763	0.0735	0.0439	0.0871	0.0139	0.0229	0.0176	0.0357	0.1374	0.0380	0.0238	0.0807	0.0093	0.0064	0.0052	0.0267	0.0736	0.0549	0.0566	0.0504	0.0426	0.0320	0.0576	0.0595	0.0289	0.0875	0.0655	0.1090	0.0745	0.1870	0.0314	0.2358	0.2331	0.2104	0.3087
-1.0000	-1.0000	-1.0000	-1.0000	-1.0000	-1.0000	-1.0000	-1.0000	0.0037	0.0367	0.0013	0.0333	0.0342	0.0401	0.0068	0.0259	0.0216	0.0064	0.0317	0.0416	0.0515	0.0079	0.0083	0.0000	0.0044	0.0035	0.0255	0.0234	0.0449	0.0245	0.0402	0.0136	0.0269	0.0559	0.0164	0.0071	0.0322	0.0387	0.0264	0.0257	0.0171	0.0722	0.1128	0.0530	0.1477
-1.0000	-1.0000	-1.0000	-1.0000	-1.0000	-1.0000	-1.0000	-1.0000	-1.0000	-1.0000	-1.0000	-1.0000	-1.0000	-1.0000	-1.0000	-1.0000	-1.0000	-1.0000	-1.0000	-1.0000	-1.0000	-1.0000	-1.0000	-1.0000	-1.0000	-1.0000	-1.0000	-1.0000	-1.0000	-1.0000	-1.0000	-1.0000	-1.0000	-1.0000	-1.0000	-1.0000	-1.0000	-1.0000	-1.0000	-1.0000	-1.0000	-1.0000	-1.0000	-1.0000	-1.0000

#paaCPUEs                                                                                                                                                                                                                            
-1.0000	-1.0000	-1.0000	-1.0000	-1.0000	-1.0000	-1.0000	-1.0000	-1.0000	-1.0000	-1.0000	-1.0000	-1.0000	-1.0000	-1.0000	-1.0000	-1.0000	-1.0000	-1.0000	-1.0000	-1.0000	-1.0000	-1.0000	-1.0000	-1.0000	-1.0000	-1.0000	-1.0000	-1.0000	-1.0000	-1.0000	-1.0000	-1.0000	-1.0000	-1.0000	-1.0000	-1.0000	-1.0000	-1.0000	-1.0000	-1.0000	-1.0000	-1.0000	-1.0000	-1.0000
-1.0000	-1.0000	-1.0000	-1.0000	-1.0000	-1.0000	-1.0000	-1.0000	-1.0000	-1.0000	-1.0000	-1.0000	-1.0000	-1.0000	-1.0000	-1.0000	-1.0000	-1.0000	-1.0000	-1.0000	-1.0000	-1.0000	-1.0000	-1.0000	-1.0000	-1.0000	-1.0000	-1.0000	-1.0000	-1.0000	-1.0000	-1.0000	-1.0000	-1.0000	-1.0000	-1.0000	-1.0000	-1.0000	-1.0000	-1.0000	-1.0000	-1.0000	-1.0000	-1.0000	-1.0000
-1.0000	-1.0000	-1.0000	-1.0000	-1.0000	-1.0000	-1.0000	-1.0000	0.4663	0.1970	0.0945	0.0650	0.0891	0.3246	0.0804	0.0306	0.0416	0.0087	0.0707	0.0850	0.1975	0.1449	0.1204	0.0289	0.2830	0.0652	0.0918	0.0054	0.0376	0.0029	0.0956	0.0344	0.0288	0.0057	0.0005	0.0083	0.0049	0.0000	0.0113	0.0234	0.0017	0.0029	0.0009	0.0025	0.0109
-1.0000	-1.0000	-1.0000	-1.0000	-1.0000	-1.0000	-1.0000	-1.0000	0.1311	0.2267	0.3620	0.0996	0.0886	0.1094	0.4495	0.3263	0.0088	0.2011	0.0423	0.5075	0.0928	0.5249	0.4705	0.3576	0.1201	0.5385	0.2120	0.1563	0.1031	0.1302	0.0349	0.2964	0.1211	0.1367	0.0258	0.0250	0.0803	0.0520	0.1266	0.0190	0.0602	0.0042	0.0280	0.0300	0.0470
-1.0000	-1.0000	-1.0000	-1.0000	-1.0000	-1.0000	-1.0000	-1.0000	0.2753	0.1085	0.2095	0.3999	0.1015	0.0877	0.0651	0.3946	0.2844	0.0695	0.2774	0.0456	0.3304	0.0713	0.2808	0.3345	0.2715	0.0837	0.4665	0.2584	0.2703	0.1904	0.1296	0.1485	0.4439	0.1358	0.2779	0.2239	0.0643	0.2509	0.3940	0.2350	0.2783	0.1787	0.0809	0.2126	0.1703
-1.0000	-1.0000	-1.0000	-1.0000	-1.0000	-1.0000	-1.0000	-1.0000	0.0764	0.2493	0.1030	0.2017	0.4739	0.0787	0.0380	0.0993	0.3925	0.3095	0.0996	0.1930	0.0834	0.1584	0.0457	0.2152	0.2256	0.1757	0.0922	0.4032	0.2780	0.3488	0.2374	0.2959	0.1155	0.4589	0.3145	0.4782	0.2534	0.1385	0.2159	0.4772	0.2640	0.4449	0.2793	0.1685	0.2373
-1.0000	-1.0000	-1.0000	-1.0000	-1.0000	-1.0000	-1.0000	-1.0000	0.0373	0.1099	0.1439	0.0865	0.1297	0.2553	0.0910	0.0409	0.0533	0.2640	0.2320	0.0335	0.1870	0.0310	0.0548	0.0317	0.0679	0.1117	0.0848	0.0766	0.2066	0.2166	0.2954	0.0978	0.1438	0.1471	0.3354	0.1776	0.4502	0.3925	0.1589	0.1692	0.3145	0.1875	0.3194	0.3961	0.1607
-1.0000	-1.0000	-1.0000	-1.0000	-1.0000	-1.0000	-1.0000	-1.0000	0.0111	0.0759	0.0658	0.1174	0.0569	0.0894	0.2011	0.0593	0.0700	0.0701	0.2214	0.0698	0.0368	0.0506	0.0106	0.0253	0.0171	0.0219	0.0414	0.0781	0.0682	0.0697	0.1353	0.0519	0.0942	0.0732	0.0357	0.0842	0.0990	0.1056	0.0721	0.0629	0.0589	0.1379	0.1796	0.1687	0.2325
-1.0000	-1.0000	-1.0000	-1.0000	-1.0000	-1.0000	-1.0000	-1.0000	0.0024	0.0327	0.0213	0.0299	0.0604	0.0550	0.0748	0.0490	0.1495	0.0772	0.0565	0.0657	0.0721	0.0188	0.0171	0.0069	0.0148	0.0034	0.0114	0.0219	0.0362	0.0414	0.0718	0.0752	0.0528	0.0427	0.0102	0.0027	0.0480	0.0605	0.0211	0.0133	0.0224	0.0438	0.1118	0.0215	0.1413
-1.0000	-1.0000	-1.0000	-1.0000	-1.0000	-1.0000	-1.0000	-1.0000	-1.0000	-1.0000	-1.0000	-1.0000	-1.0000	-1.0000	-1.0000	-1.0000	-1.0000	-1.0000	-1.0000	-1.0000	-1.0000	-1.0000	-1.0000	-1.0000	-1.0000	-1.0000	-1.0000	-1.0000	-1.0000	-1.0000	-1.0000	-1.0000	-1.0000	-1.0000	-1.0000	-1.0000	-1.0000	-1.0000	-1.0000	-1.0000	-1.0000	-1.0000	-1.0000	-1.0000	-1.0000

## xnets proportions at age
#paaxnetn                                                                                                                                                                                                                            
-1.000	-1.000	-1.000	-1.000	-1.000	-1.000	-1.000	-1.000	-1.000	-1.000	-1.000	-1.000	-1.000	-1.000	-1.000	-1.000	-1.000	-1.000	-1.000	-1.000	-1.000	-1.000	-1.000	-1.000	-1.000	-1.000	-1.000	-1.000	-1.000	-1.000	-1.000	-1.000	-1.000	-1.000	-1.000	-1.000	-1.000	-1.000	-1.000	-1.000	-1.000	-1.000	-1.000	-1.000	-1.000
-1.000	-1.000	-1.000	-1.000	-1.000	-1.000	-1.000	-1.000	-1.000	-1.000	-1.000	-1.000	-1.000	-1.000	-1.000	-1.000	-1.000	-1.000	-1.000	-1.000	-1.000	-1.000	-1.000	-1.000	-1.000	-1.000	-1.000	-1.000	-1.000	-1.000	-1.000	-1.000	-1.000	-1.000	-1.000	-1.000	-1.000	0.002823	0.006141	0.003997	0.000012	0.000700	-1.000000	0.002097	0.036101
-1.000	-1.000	-1.000	-1.000	-1.000	-1.000	-1.000	-1.000	-1.000	-1.000	-1.000	-1.000	-1.000	-1.000	-1.000	-1.000	-1.000	-1.000	-1.000	-1.000	-1.000	-1.000	-1.000	-1.000	-1.000	-1.000	-1.000	-1.000	-1.000	-1.000	-1.000	-1.000	-1.000	-1.000	-1.000	-1.000	-1.000	0.065899	0.150000	0.081914	0.007634	0.017462	-1.000000	0.078853	0.101414
-1.000	-1.000	-1.000	-1.000	-1.000	-1.000	-1.000	-1.000	-1.000	-1.000	-1.000	-1.000	-1.000	-1.000	-1.000	-1.000	-1.000	-1.000	-1.000	-1.000	-1.000	-1.000	-1.000	-1.000	-1.000	-1.000	-1.000	-1.000	-1.000	-1.000	-1.000	-1.000	-1.000	-1.000	-1.000	-1.000	-1.000	0.070738	0.152037	0.329132	0.094305	0.049849	-1.000000	0.269578	0.190647
-1.000	-1.000	-1.000	-1.000	-1.000	-1.000	-1.000	-1.000	-1.000	-1.000	-1.000	-1.000	-1.000	-1.000	-1.000	-1.000	-1.000	-1.000	-1.000	-1.000	-1.000	-1.000	-1.000	-1.000	-1.000	-1.000	-1.000	-1.000	-1.000	-1.000	-1.000	-1.000	-1.000	-1.000	-1.000	-1.000	-1.000	0.362559	0.213073	0.176317	0.416209	0.335827	-1.000000	0.144829	0.263838
-1.000	-1.000	-1.000	-1.000	-1.000	-1.000	-1.000	-1.000	-1.000	-1.000	-1.000	-1.000	-1.000	-1.000	-1.000	-1.000	-1.000	-1.000	-1.000	-1.000	-1.000	-1.000	-1.000	-1.000	-1.000	-1.000	-1.000	-1.000	-1.000	-1.000	-1.000	-1.000	-1.000	-1.000	-1.000	-1.000	-1.000	0.183368	0.250523	0.209830	0.292145	0.410669	-1.000000	0.145450	0.152025
-1.000	-1.000	-1.000	-1.000	-1.000	-1.000	-1.000	-1.000	-1.000	-1.000	-1.000	-1.000	-1.000	-1.000	-1.000	-1.000	-1.000	-1.000	-1.000	-1.000	-1.000	-1.000	-1.000	-1.000	-1.000	-1.000	-1.000	-1.000	-1.000	-1.000	-1.000	-1.000	-1.000	-1.000	-1.000	-1.000	-1.000	0.215489	0.171485	0.148538	0.136012	0.118367	-1.000000	0.240273	0.132228
-1.000	-1.000	-1.000	-1.000	-1.000	-1.000	-1.000	-1.000	-1.000	-1.000	-1.000	-1.000	-1.000	-1.000	-1.000	-1.000	-1.000	-1.000	-1.000	-1.000	-1.000	-1.000	-1.000	-1.000	-1.000	-1.000	-1.000	-1.000	-1.000	-1.000	-1.000	-1.000	-1.000	-1.000	-1.000	-1.000	-1.000	0.099123	0.056740	0.050272	0.053682	0.067127	-1.000000	0.118920	0.123746
-1.000	-1.000	-1.000	-1.000	-1.000	-1.000	-1.000	-1.000	-1.000	-1.000	-1.000	-1.000	-1.000	-1.000	-1.000	-1.000	-1.000	-1.000	-1.000	-1.000	-1.000	-1.000	-1.000	-1.000	-1.000	-1.000	-1.000	-1.000	-1.000	-1.000	-1.000	-1.000	-1.000	-1.000	-1.000	-1.000	-1.000	-1.000	-1.000	-1.000	-1.000	-1.000	-1.000	-1.000	-1.000
-1.000	-1.000	-1.000	-1.000	-1.000	-1.000	-1.000	-1.000	-1.000	-1.000	-1.000	-1.000	-1.000	-1.000	-1.000	-1.000	-1.000	-1.000	-1.000	-1.000	-1.000	-1.000	-1.000	-1.000	-1.000	-1.000	-1.000	-1.000	-1.000	-1.000	-1.000	-1.000	-1.000	-1.000	-1.000	-1.000	-1.000	-1.000	-1.000	-1.000	-1.000	-1.000	-1.000	-1.000	-1.000

#paaxnetm                                                                                                                                                                                                                            
-1.000	-1.000	-1.000	-1.000	-1.000	-1.000	-1.000	-1.000	-1.000	-1.000	-1.000	-1.000	-1.000	-1.000	-1.000	-1.000	-1.000	-1.000	-1.000	-1.000	-1.000	-1.000	-1.000	-1.000	-1.000	-1.000	-1.000	-1.000	-1.000	-1.000	-1.000	-1.000	-1.000	-1.000	-1.000	-1.000	-1.000	-1.000	-1.000	-1.000	-1.000	-1.000	-1.000	-1.000	-1.000
-1.000	-1.000	-1.000	-1.000	-1.000	-1.000	-1.000	-1.000	-1.000	-1.000	-1.000	-1.000	-1.000	-1.000	-1.000	-1.000	-1.000	-1.000	-1.000	-1.000	-1.000	-1.000	-1.000	-1.000	-1.000	-1.000	-1.000	-1.000	-1.000	-1.000	-1.000	-1.000	-1.000	-1.000	-1.000	-1.000	-1.000	0.006886	0.007986	0.001582	0.013081	0.013360	0.005868	0.029006	0.043070
-1.000	-1.000	-1.000	-1.000	-1.000	-1.000	-1.000	-1.000	-1.000	-1.000	-1.000	-1.000	-1.000	-1.000	-1.000	-1.000	-1.000	-1.000	-1.000	-1.000	-1.000	-1.000	-1.000	-1.000	-1.000	-1.000	-1.000	-1.000	-1.000	-1.000	-1.000	-1.000	-1.000	-1.000	-1.000	-1.000	-1.000	0.052102	0.175455	0.028948	0.023870	0.071643	0.066876	0.084297	0.225984
-1.000	-1.000	-1.000	-1.000	-1.000	-1.000	-1.000	-1.000	-1.000	-1.000	-1.000	-1.000	-1.000	-1.000	-1.000	-1.000	-1.000	-1.000	-1.000	-1.000	-1.000	-1.000	-1.000	-1.000	-1.000	-1.000	-1.000	-1.000	-1.000	-1.000	-1.000	-1.000	-1.000	-1.000	-1.000	-1.000	-1.000	0.069630	0.095515	0.123752	0.139595	0.104760	0.244747	0.186188	0.212589
-1.000	-1.000	-1.000	-1.000	-1.000	-1.000	-1.000	-1.000	-1.000	-1.000	-1.000	-1.000	-1.000	-1.000	-1.000	-1.000	-1.000	-1.000	-1.000	-1.000	-1.000	-1.000	-1.000	-1.000	-1.000	-1.000	-1.000	-1.000	-1.000	-1.000	-1.000	-1.000	-1.000	-1.000	-1.000	-1.000	-1.000	0.494201	0.332646	0.242408	0.353289	0.237628	0.164562	0.143831	0.178004
-1.000	-1.000	-1.000	-1.000	-1.000	-1.000	-1.000	-1.000	-1.000	-1.000	-1.000	-1.000	-1.000	-1.000	-1.000	-1.000	-1.000	-1.000	-1.000	-1.000	-1.000	-1.000	-1.000	-1.000	-1.000	-1.000	-1.000	-1.000	-1.000	-1.000	-1.000	-1.000	-1.000	-1.000	-1.000	-1.000	-1.000	0.130555	0.259443	0.393212	0.283128	0.376142	0.213860	0.162335	0.125208
-1.000	-1.000	-1.000	-1.000	-1.000	-1.000	-1.000	-1.000	-1.000	-1.000	-1.000	-1.000	-1.000	-1.000	-1.000	-1.000	-1.000	-1.000	-1.000	-1.000	-1.000	-1.000	-1.000	-1.000	-1.000	-1.000	-1.000	-1.000	-1.000	-1.000	-1.000	-1.000	-1.000	-1.000	-1.000	-1.000	-1.000	0.172060	0.099185	0.140569	0.156187	0.113256	0.218035	0.279905	0.108147
-1.000	-1.000	-1.000	-1.000	-1.000	-1.000	-1.000	-1.000	-1.000	-1.000	-1.000	-1.000	-1.000	-1.000	-1.000	-1.000	-1.000	-1.000	-1.000	-1.000	-1.000	-1.000	-1.000	-1.000	-1.000	-1.000	-1.000	-1.000	-1.000	-1.000	-1.000	-1.000	-1.000	-1.000	-1.000	-1.000	-1.000	0.074566	0.029770	0.069528	0.030849	0.083210	0.086052	0.114437	0.106998
-1.000	-1.000	-1.000	-1.000	-1.000	-1.000	-1.000	-1.000	-1.000	-1.000	-1.000	-1.000	-1.000	-1.000	-1.000	-1.000	-1.000	-1.000	-1.000	-1.000	-1.000	-1.000	-1.000	-1.000	-1.000	-1.000	-1.000	-1.000	-1.000	-1.000	-1.000	-1.000	-1.000	-1.000	-1.000	-1.000	-1.000	-1.000	-1.000	-1.000	-1.000	-1.000	-1.000	-1.000	-1.000
-1.000	-1.000	-1.000	-1.000	-1.000	-1.000	-1.000	-1.000	-1.000	-1.000	-1.000	-1.000	-1.000	-1.000	-1.000	-1.000	-1.000	-1.000	-1.000	-1.000	-1.000	-1.000	-1.000	-1.000	-1.000	-1.000	-1.000	-1.000	-1.000	-1.000	-1.000	-1.000	-1.000	-1.000	-1.000	-1.000	-1.000	-1.000	-1.000	-1.000	-1.000	-1.000	-1.000	-1.000	-1.000

#paaxnets                                                                                                                                                                                                                            
-1.000	-1.000	-1.000	-1.000	-1.000	-1.000	-1.000	-1.000	-1.000	-1.000	-1.000	-1.000	-1.000	-1.000	-1.000	-1.000	-1.000	-1.000	-1.000	-1.000	-1.000	-1.000	-1.000	-1.000	-1.000	-1.000	-1.000	-1.000	-1.000	-1.000	-1.000	-1.000	-1.000	-1.000	-1.000	-1.000	-1.000	-1.000	-1.000	-1.000	-1.000	-1.000	-1.000	-1.000	-1.000
-1.000	-1.000	-1.000	-1.000	-1.000	-1.000	-1.000	-1.000	-1.000	-1.000	-1.000	-1.000	-1.000	-1.000	-1.000	-1.000	-1.000	-1.000	-1.000	-1.000	-1.000	-1.000	-1.000	-1.000	-1.000	-1.000	-1.000	-1.000	-1.000	-1.000	-1.000	-1.000	-1.000	-1.000	-1.000	-1.000	-1.000	0.004157	0.013911	0.007377	0.001597	0.002604	0.003583	0.015709	0.008952
-1.000	-1.000	-1.000	-1.000	-1.000	-1.000	-1.000	-1.000	-1.000	-1.000	-1.000	-1.000	-1.000	-1.000	-1.000	-1.000	-1.000	-1.000	-1.000	-1.000	-1.000	-1.000	-1.000	-1.000	-1.000	-1.000	-1.000	-1.000	-1.000	-1.000	-1.000	-1.000	-1.000	-1.000	-1.000	-1.000	-1.000	0.024126	0.101892	0.171644	0.006162	0.035864	0.053515	0.063640	0.088381
-1.000	-1.000	-1.000	-1.000	-1.000	-1.000	-1.000	-1.000	-1.000	-1.000	-1.000	-1.000	-1.000	-1.000	-1.000	-1.000	-1.000	-1.000	-1.000	-1.000	-1.000	-1.000	-1.000	-1.000	-1.000	-1.000	-1.000	-1.000	-1.000	-1.000	-1.000	-1.000	-1.000	-1.000	-1.000	-1.000	-1.000	0.131554	0.104259	0.200616	0.165588	0.074135	0.226023	0.198418	0.116903
-1.000	-1.000	-1.000	-1.000	-1.000	-1.000	-1.000	-1.000	-1.000	-1.000	-1.000	-1.000	-1.000	-1.000	-1.000	-1.000	-1.000	-1.000	-1.000	-1.000	-1.000	-1.000	-1.000	-1.000	-1.000	-1.000	-1.000	-1.000	-1.000	-1.000	-1.000	-1.000	-1.000	-1.000	-1.000	-1.000	-1.000	0.394401	0.348077	0.264157	0.361538	0.189171	0.267781	0.240406	0.217929
-1.000	-1.000	-1.000	-1.000	-1.000	-1.000	-1.000	-1.000	-1.000	-1.000	-1.000	-1.000	-1.000	-1.000	-1.000	-1.000	-1.000	-1.000	-1.000	-1.000	-1.000	-1.000	-1.000	-1.000	-1.000	-1.000	-1.000	-1.000	-1.000	-1.000	-1.000	-1.000	-1.000	-1.000	-1.000	-1.000	-1.000	0.142657	0.194748	0.264196	0.241530	0.395711	0.205593	0.144785	0.244207
-1.000	-1.000	-1.000	-1.000	-1.000	-1.000	-1.000	-1.000	-1.000	-1.000	-1.000	-1.000	-1.000	-1.000	-1.000	-1.000	-1.000	-1.000	-1.000	-1.000	-1.000	-1.000	-1.000	-1.000	-1.000	-1.000	-1.000	-1.000	-1.000	-1.000	-1.000	-1.000	-1.000	-1.000	-1.000	-1.000	-1.000	0.191877	0.170524	0.062953	0.183266	0.162654	0.181524	0.236769	0.139221
-1.000	-1.000	-1.000	-1.000	-1.000	-1.000	-1.000	-1.000	-1.000	-1.000	-1.000	-1.000	-1.000	-1.000	-1.000	-1.000	-1.000	-1.000	-1.000	-1.000	-1.000	-1.000	-1.000	-1.000	-1.000	-1.000	-1.000	-1.000	-1.000	-1.000	-1.000	-1.000	-1.000	-1.000	-1.000	-1.000	-1.000	0.111228	0.066589	0.029058	0.040320	0.139861	0.061980	0.100274	0.184408
-1.000	-1.000	-1.000	-1.000	-1.000	-1.000	-1.000	-1.000	-1.000	-1.000	-1.000	-1.000	-1.000	-1.000	-1.000	-1.000	-1.000	-1.000	-1.000	-1.000	-1.000	-1.000	-1.000	-1.000	-1.000	-1.000	-1.000	-1.000	-1.000	-1.000	-1.000	-1.000	-1.000	-1.000	-1.000	-1.000	-1.000	-1.000	-1.000	-1.000	-1.000	-1.000	-1.000	-1.000	-1.000
-1.000	-1.000	-1.000	-1.000	-1.000	-1.000	-1.000	-1.000	-1.000	-1.000	-1.000	-1.000	-1.000	-1.000	-1.000	-1.000	-1.000	-1.000	-1.000	-1.000	-1.000	-1.000	-1.000	-1.000	-1.000	-1.000	-1.000	-1.000	-1.000	-1.000	-1.000	-1.000	-1.000	-1.000	-1.000	-1.000	-1.000	-1.000	-1.000	-1.000	-1.000	-1.000	-1.000	-1.000	-1.000

# paarv
0.6217	0.1999	0.3349	0.1759	0.5118	0.5407	0.5328	0.3668	0.6767	0.3777	0.4271	0.3143	0.3319	0.2595	0.6555	0.4933	0.4137	0.3672	0.1707	0.5840	0.1651	0.2885	0.4056	0.4729	0.2079	0.5797	0.5381	0.2730	0.3102
0.1588	0.6568	0.1167	0.5882	0.1907	0.3508	0.3332	0.3658	0.1782	0.4977	0.2832	0.4711	0.2563	0.4421	0.1193	0.4055	0.2954	0.4192	0.4556	0.2027	0.7093	0.2353	0.1983	0.3208	0.3139	0.1918	0.2745	0.4074	0.3827
0.2195	0.1432	0.5484	0.2359	0.2975	0.1085	0.1339	0.2674	0.1451	0.1246	0.2897	0.2146	0.4118	0.2984	0.2252	0.1011	0.2909	0.2135	0.3737	0.2134	0.1256	0.4762	0.3961	0.2062	0.4781	0.2285	0.1874	0.3196	0.3072

#acorec
0.3269	0.3570	0.5227	0.3793	0.2713	0.1568	0.3124	0.2327	0.8029	0.1204	0.3985	0.2183	0.7712	0.3238	0.5130	0.3773	0.1926	0.4053	0.0011	0.1802	0.6579	0.0191	0.4068	0.3367	0.5775	0.0636	0.3984	0.4408
0.6731	0.6430	0.4773	0.6207	0.7287	0.8432	0.6876	0.7673	0.1971	0.8796	0.6015	0.7817	0.2288	0.6762	0.4870	0.6227	0.8074	0.5947	0.9989	0.8198	0.3421	0.9809	0.5932	0.6633	0.4225	0.9364	0.6016	0.5592

## waaByr
# waaByrN
0.21436	0.10220	0.07204	0.16261	0.06728	0.07165	0.07992	0.06319	0.07528	0.10004	0.07004	0.07267	0.09968	0.07650	0.05332	0.05640	0.06493	0.06919	0.07346	0.05304	0.05809	0.05111	0.05745	0.05316	0.06909	0.07074	0.07240	0.06028	0.06196	0.08316	0.06732	0.08094	0.08908	0.05575	0.06291	0.06514	0.05223	0.09604	0.07188	0.06496	0.07763	0.07149	0.07856	0.07589	0.07532
0.17161	0.19111	0.15094	0.15069	0.17630	0.13050	0.14350	0.14460	0.13048	0.15581	0.13724	0.12858	0.13433	0.13232	0.11411	0.09589	0.10187	0.10485	0.10784	0.11978	0.09477	0.09865	0.09780	0.09949	0.10765	0.11546	0.10976	0.10407	0.10218	0.09990	0.08870	0.13246	0.10457	0.09889	0.08629	0.09216	0.09198	0.08203	0.10748	0.09377	0.08475	0.09533	0.09129	0.09046	0.09236
0.21675	0.22020	0.19826	0.21594	0.23785	0.21417	0.21157	0.21333	0.22451	0.21662	0.23896	0.20064	0.20572	0.19883	0.17703	0.15389	0.16398	0.16480	0.16562	0.16366	0.17403	0.15579	0.15902	0.16532	0.16760	0.17249	0.16877	0.14917	0.15357	0.15279	0.15977	0.20374	0.13798	0.13358	0.11890	0.12303	0.12619	0.12087	0.12567	0.14106	0.10685	0.10726	0.11884	0.13933	0.12181
0.24488	0.26053	0.26814	0.25844	0.27445	0.27477	0.26665	0.26556	0.25681	0.27281	0.26584	0.27080	0.26398	0.24705	0.23193	0.21957	0.20912	0.20777	0.21166	0.22131	0.21135	0.21231	0.20862	0.21211	0.21918	0.22488	0.20351	0.20357	0.18617	0.19342	0.16841	0.20398	0.18630	0.16576	0.16397	0.15922	0.16315	0.16652	0.16040	0.17063	0.17856	0.13337	0.13739	0.16496	0.19445
0.29392	0.27976	0.29994	0.31695	0.32023	0.31013	0.30843	0.30252	0.30429	0.30667	0.29842	0.30029	0.30453	0.28640	0.26420	0.25396	0.24575	0.23452	0.22634	0.24930	0.24348	0.23641	0.23957	0.23750	0.24492	0.24562	0.24095	0.22402	0.22687	0.21750	0.18055	0.25500	0.20252	0.20084	0.19182	0.19002	0.19995	0.19833	0.20195	0.19860	0.19385	0.18972	0.18358	0.18742	0.20590
0.27991	0.29485	0.30323	0.35626	0.36494	0.34859	0.33626	0.34109	0.34271	0.33607	0.32831	0.32835	0.33294	0.32316	0.30127	0.28196	0.27320	0.26460	0.25154	0.25779	0.26917	0.26412	0.25645	0.26241	0.26491	0.27034	0.25722	0.25252	0.24222	0.23825	0.19710	0.28222	0.23021	0.21241	0.21161	0.20713	0.21381	0.22035	0.21076	0.21553	0.20648	0.20516	0.20589	0.21525	0.21366
0.33753	0.32885	0.32166	0.35896	0.40260	0.39275	0.37497	0.36235	0.37067	0.36725	0.35492	0.34907	0.35509	0.34663	0.33317	0.31515	0.30046	0.28939	0.28627	0.28574	0.27288	0.28137	0.28515	0.27899	0.28517	0.28807	0.28102	0.27189	0.26499	0.25002	0.23622	0.29651	0.24681	0.23882	0.22251	0.22073	0.22421	0.22724	0.22451	0.22007	0.22344	0.21369	0.21766	0.22688	0.22596
0.31836	0.35740	0.35534	0.39437	0.40448	0.39589	0.41273	0.39336	0.38190	0.39059	0.37624	0.36659	0.36860	0.36153	0.34919	0.34275	0.33516	0.31962	0.30779	0.31447	0.31042	0.29319	0.29181	0.29800	0.30877	0.30690	0.29973	0.28797	0.28999	0.27767	0.21878	0.27781	0.25934	0.25334	0.24934	0.23157	0.23481	0.23748	0.23101	0.23007	0.22974	0.22711	0.22413	0.23537	0.23525
0.29421	0.36728	0.37815	0.40625	0.44608	0.43954	0.39037	0.42800	0.41174	0.39769	0.39657	0.39131	0.38627	0.36603	0.35949	0.34268	0.34784	0.35265	0.34636	0.33573	0.32886	0.32182	0.30892	0.32359	0.31776	0.33162	0.32230	0.30026	0.29785	0.29427	0.29786	0.31856	0.26674	0.26071	0.25637	0.26464	0.24707	0.23028	0.23781	0.24401	0.24247	0.23591	0.23484	0.23942	0.24172
0.40115	0.36107	0.40704	0.43533	0.45536	0.45377	0.49768	0.46919	0.43848	0.42398	0.40687	0.40455	0.41563	0.39722	0.37904	0.36202	0.36509	0.36639	0.38388	0.37696	0.35118	0.33889	0.33627	0.33476	0.35836	0.34233	0.34253	0.31462	0.30930	0.30827	0.30507	0.28483	0.28853	0.28618	0.27635	0.26558	0.29051	0.26190	0.23039	0.25311	0.26219	0.25224	0.25171	0.26591	0.24787

#waaByrM                                                                                                                                                                                                                             
0.06402	0.09106	0.07076	0.05411	0.06027	0.06631	0.03396	0.04262	0.09866	0.05345	0.04044	0.05927	0.07657	0.05876	0.04268	0.09078	0.08894	0.05024	0.05485	0.07134	0.07204	0.07769	0.04330	0.04903	0.04940	0.04499	0.07714	0.05268	0.04793	0.08686	0.05855	0.07482	0.08937	0.05393	0.05801	0.06323	0.04450	0.05524	0.05432	0.05136	0.05364	0.05311	0.05270	0.05315	0.05299
0.18772	0.15441	0.16698	0.17218	0.24245	0.14904	0.15931	0.26847	0.18878	0.21798	0.23445	0.22269	0.16471	0.16469	0.17614	0.11980	0.06347	0.08393	0.10440	0.14564	0.09326	0.07955	0.06583	0.13571	0.12552	0.14229	0.14582	0.08327	0.11626	0.12985	0.08492	0.14768	0.11312	0.09856	0.08919	0.09995	0.09590	0.09501	0.09695	0.09596	0.09597	0.09630	0.09608	0.09612	0.09616
0.20431	0.17933	0.21688	0.23365	0.27942	0.19642	0.19611	0.26748	0.18656	0.19963	0.28345	0.23372	0.22451	0.22945	0.20803	0.22392	0.14210	0.21020	0.21882	0.19450	0.20741	0.19853	0.20484	0.18841	0.20773	0.20025	0.20353	0.14618	0.18770	0.21282	0.14760	0.17008	0.16585	0.15612	0.12603	0.13364	0.13860	0.13275	0.13500	0.14992	0.15443	0.14645	0.15027	0.15038	0.16106
0.23028	0.24544	0.27902	0.26589	0.27875	0.26112	0.23263	0.26152	0.25137	0.23332	0.26474	0.27952	0.26604	0.24898	0.23742	0.22991	0.21259	0.20365	0.23531	0.22922	0.21796	0.22671	0.22173	0.22328	0.22257	0.22474	0.21918	0.21197	0.19302	0.20263	0.16901	0.19246	0.19043	0.18619	0.17801	0.17235	0.17152	0.17396	0.20698	0.19052	0.18176	0.17826	0.18677	0.18227	0.17332
0.27329	0.28144	0.31850	0.34589	0.31148	0.29780	0.27514	0.28928	0.28893	0.23646	0.30522	0.31421	0.29970	0.27790	0.26546	0.25184	0.24653	0.22978	0.25202	0.24787	0.24714	0.23751	0.24837	0.24394	0.24274	0.25094	0.24081	0.23220	0.23039	0.22461	0.19134	0.25080	0.20684	0.20795	0.19828	0.18898	0.20113	0.19961	0.22115	0.21556	0.20404	0.19535	0.18826	0.20637	0.20034
0.26114	0.30831	0.33050	0.36862	0.38192	0.33009	0.31600	0.33276	0.33882	0.30006	0.28829	0.34636	0.33289	0.33543	0.27845	0.26592	0.26730	0.26542	0.27714	0.25850	0.26605	0.26766	0.25856	0.26854	0.26983	0.26349	0.26394	0.25366	0.24713	0.24436	0.19411	0.25360	0.23096	0.21910	0.21307	0.20619	0.20451	0.21780	0.22105	0.21984	0.21648	0.20898	0.21054	0.20839	0.20707
0.32663	0.32401	0.35644	0.37145	0.40221	0.41992	0.36157	0.36607	0.38300	0.32106	0.36686	0.34860	0.34554	0.34505	0.33783	0.30245	0.27851	0.27898	0.29422	0.29802	0.26674	0.29153	0.28718	0.28138	0.28372	0.29369	0.28005	0.27677	0.26901	0.25777	0.19525	0.28820	0.24256	0.22928	0.22183	0.21905	0.22073	0.22004	0.23351	0.22814	0.22006	0.22164	0.22176	0.22507	0.22029
0.35869	0.36727	0.43982	0.43964	0.37087	0.38187	0.42382	0.40464	0.39862	0.37881	0.36092	0.39812	0.35014	0.35948	0.34807	0.33442	0.31846	0.31710	0.30171	0.31468	0.31385	0.27995	0.30696	0.30113	0.30773	0.30101	0.30549	0.29401	0.29140	0.27666	0.23695	0.30033	0.25740	0.25501	0.23608	0.22497	0.22903	0.23633	0.23754	0.23704	0.22536	0.22615	0.23182	0.23450	0.22832
0.29364	0.35847	0.43736	0.50354	0.48244	0.27894	0.39600	0.44294	0.42971	0.31837	0.36374	0.42437	0.39385	0.37974	0.36102	0.35102	0.35830	0.33627	0.36592	0.31590	0.32799	0.34267	0.29663	0.30569	0.31476	0.34272	0.30845	0.31051	0.30645	0.28832	0.26493	0.26876	0.27199	0.26067	0.26309	0.24602	0.23681	0.23884	0.25163	0.24899	0.23307	0.23201	0.23800	0.24686	0.23591
0.41278	0.35150	0.42226	0.46458	0.48560	0.45200	0.34460	0.52132	0.45360	0.42335	0.32013	0.39166	0.42049	0.40530	0.40338	0.37223	0.38242	0.38066	0.39331	0.38986	0.34888	0.34873	0.35885	0.30973	0.33349	0.35724	0.36065	0.34917	0.31399	0.30980	0.29004	0.27944	0.26813	0.27857	0.27294	0.27292	0.24748	0.26445	0.26162	0.27369	0.26659	0.24007	0.24957	0.25615	0.24963

#waaByrS                                                                                                                                                                                                                             
0.07446	0.12461	0.08545	0.08454	0.06678	0.07152	0.06644	0.06294	0.11725	0.07959	0.07078	0.07096	0.08965	0.07713	0.04469	0.06153	0.09755	0.05220	0.06800	0.07245	0.05726	0.05396	0.05970	0.05680	0.06844	0.06563	0.05233	0.06025	0.05861	0.06787	0.07504	0.08757	0.08613	0.04706	0.05675	0.05932	0.05886	0.05831	0.05883	0.05867	0.05860	0.05870	0.05866	0.05865	0.0587
0.10131	0.13277	0.12203	0.14258	0.15517	0.13451	0.14769	0.13722	0.12783	0.18341	0.15746	0.12724	0.13757	0.14067	0.13516	0.11440	0.09363	0.07653	0.10047	0.11749	0.09184	0.10009	0.09477	0.09843	0.10835	0.10269	0.09997	0.12275	0.10165	0.10618	0.10868	0.11523	0.09665	0.10226	0.10221	0.10216	0.10221	0.07183	0.09207	0.08871	0.08420	0.08833	0.08708	0.08654	0.0873
0.14055	0.17736	0.17355	0.17270	0.22006	0.22663	0.21486	0.22940	0.21743	0.20957	0.23737	0.22778	0.20218	0.21193	0.18969	0.17244	0.15895	0.14545	0.11443	0.16575	0.18067	0.14366	0.15799	0.14845	0.16138	0.16279	0.14884	0.15458	0.18736	0.14600	0.15142	0.16012	0.14849	0.12189	0.12327	0.13073	0.13819	0.12555	0.11290	0.14213	0.12790	0.12617	0.13206	0.12871	0.1290
0.20544	0.21101	0.23006	0.23120	0.27060	0.27042	0.26226	0.26078	0.26209	0.25712	0.26314	0.25346	0.25457	0.25065	0.24165	0.22373	0.19855	0.19526	0.19304	0.21032	0.21607	0.22123	0.21180	0.20478	0.19887	0.21276	0.19375	0.19616	0.20306	0.19347	0.18228	0.17946	0.19439	0.16503	0.15634	0.14818	0.14747	0.15802	0.16221	0.16468	0.15786	0.14857	0.17166	0.16912	0.1762
0.20993	0.24822	0.24866	0.29009	0.32244	0.29740	0.29095	0.29728	0.29564	0.29409	0.29800	0.29911	0.29139	0.28400	0.26865	0.25528	0.24100	0.20963	0.23148	0.22806	0.24264	0.23975	0.24231	0.23209	0.23421	0.22599	0.22607	0.22255	0.22431	0.21532	0.20705	0.21652	0.20691	0.20340	0.18418	0.17732	0.17295	0.17383	0.19215	0.20432	0.16819	0.16757	0.18383	0.19289	0.1970
0.25924	0.27986	0.27834	0.31022	0.37216	0.33164	0.31794	0.32437	0.32794	0.32182	0.33124	0.32668	0.32896	0.32975	0.28863	0.27151	0.26256	0.25362	0.25501	0.25777	0.26918	0.26032	0.25867	0.25809	0.25394	0.24690	0.23424	0.23857	0.24088	0.23206	0.22244	0.22946	0.23410	0.21526	0.21006	0.19852	0.19318	0.18959	0.19902	0.20639	0.19100	0.18103	0.19846	0.20639	0.2115
0.28270	0.30793	0.31505	0.34239	0.38073	0.36516	0.36488	0.35324	0.35330	0.35169	0.35632	0.36201	0.35104	0.35181	0.33374	0.30367	0.28683	0.27613	0.28561	0.28283	0.28283	0.28789	0.28019	0.27381	0.27439	0.26647	0.25866	0.24945	0.25063	0.24490	0.23532	0.24295	0.25164	0.24469	0.21893	0.21734	0.20842	0.20325	0.20654	0.21366	0.20276	0.19298	0.20655	0.21497	0.2146
0.28944	0.33360	0.34057	0.33205	0.40153	0.36407	0.38120	0.40185	0.37647	0.36948	0.38126	0.38532	0.38548	0.37051	0.34973	0.34449	0.31694	0.32096	0.30416	0.30943	0.31330	0.29912	0.30617	0.29362	0.28871	0.28025	0.26835	0.27134	0.26603	0.25350	0.24474	0.25491	0.26204	0.25695	0.24396	0.22231	0.22638	0.21957	0.22216	0.22216	0.20946	0.20412	0.21827	0.22655	0.2251
0.29838	0.33204	0.37056	0.40279	0.35825	0.39351	0.38647	0.41092	0.41531	0.38482	0.39678	0.39681	0.39977	0.39514	0.36727	0.35427	0.35669	0.33196	0.33897	0.32971	0.32574	0.33276	0.31606	0.31012	0.30026	0.29701	0.28251	0.27919	0.27520	0.26670	0.25369	0.25788	0.27758	0.26091	0.26330	0.24043	0.22715	0.22678	0.23117	0.24241	0.22465	0.21253	0.22382	0.24094	0.2334
0.37749	0.33191	0.37047	0.43010	0.43527	0.38653	0.44325	0.42505	0.38106	0.42790	0.41353	0.42806	0.40933	0.41503	0.38986	0.38745	0.36881	0.36975	0.36857	0.36832	0.35737	0.34293	0.35253	0.31454	0.31816	0.30876	0.29316	0.29879	0.29203	0.27175	0.26451	0.26195	0.28168	0.27464	0.26112	0.26350	0.25634	0.24054	0.23898	0.23721	0.24715	0.22516	0.23606	0.24143	0.2396

##CATWAge                                                                                                                                                                                                                            
#waaCwtN                                                                                                                                                                                                                             
0.20240	0.12420	0.10419	0.16932	0.09370	0.10140	0.10750	0.09080	0.10830	0.11717	0.09490	0.09880	0.11484	0.10285	0.07150	0.07580	0.08338	0.07690	0.09380	0.07090	0.07570	0.07070	0.07560	0.07565	0.08931	0.08019	0.08680	0.07848	0.07868	0.08589	0.09299	0.09200	0.09385	0.06936	0.07614	0.07741	0.06546	0.10160	0.08210	0.07420	0.08597	0.08076	0.08430	0.08367	0.10821
0.19439	0.18044	0.18343	0.21794	0.18356	0.18175	0.20307	0.19450	0.18750	0.22415	0.16074	0.17422	0.18262	0.15245	0.12829	0.12860	0.13645	0.13074	0.13613	0.15296	0.12667	0.12856	0.13529	0.13093	0.15319	0.14926	0.13701	0.12478	0.13304	0.12684	0.13428	0.12619	0.11886	0.10419	0.10735	0.11154	0.10931	0.10280	0.11371	0.10710	0.11419	0.10740	0.09910	0.10690	0.14019
0.23764	0.24943	0.21784	0.25421	0.25958	0.24987	0.24627	0.22411	0.25916	0.25026	0.25474	0.25044	0.24292	0.21647	0.20557	0.18460	0.20908	0.18600	0.20980	0.19676	0.19800	0.19161	0.19670	0.20202	0.21454	0.19422	0.19083	0.16242	0.18901	0.17548	0.18130	0.18097	0.15087	0.15011	0.13569	0.14099	0.14276	0.13366	0.15362	0.17499	0.11847	0.11885	0.13151	0.19589	0.17751
0.26174	0.28563	0.28825	0.30661	0.29630	0.29085	0.28454	0.28636	0.29429	0.28717	0.28240	0.28787	0.27825	0.25124	0.24849	0.23453	0.23690	0.20648	0.24085	0.23344	0.22702	0.22766	0.22714	0.22872	0.23780	0.23572	0.21324	0.21717	0.21341	0.19793	0.20735	0.19996	0.19178	0.18212	0.17911	0.18683	0.18878	0.19424	0.19248	0.18953	0.17055	0.16685	0.15883	0.20693	0.19302
0.29438	0.29902	0.31496	0.34852	0.33445	0.32462	0.32709	0.32163	0.32334	0.31956	0.31012	0.31931	0.32215	0.29479	0.27781	0.25955	0.25750	0.23217	0.24812	0.25804	0.25396	0.24619	0.25212	0.24833	0.26225	0.25371	0.24630	0.23533	0.23701	0.22166	0.22581	0.23112	0.20511	0.21033	0.20205	0.20159	0.21398	0.20836	0.20996	0.20491	0.19720	0.19754	0.20199	0.22116	0.20488
0.30339	0.29531	0.30750	0.40299	0.38214	0.36331	0.34833	0.35569	0.36518	0.34929	0.33729	0.34765	0.34715	0.32419	0.30789	0.28616	0.28757	0.27189	0.27254	0.26784	0.28077	0.27468	0.26714	0.27313	0.28259	0.27867	0.26078	0.25890	0.24931	0.23950	0.24186	0.24942	0.22929	0.21998	0.21290	0.21234	0.22677	0.22690	0.21319	0.22125	0.20725	0.21229	0.21460	0.22939	0.20641
0.34732	0.35644	0.35036	0.41902	0.40221	0.40365	0.38700	0.37694	0.38629	0.36933	0.36065	0.36125	0.36268	0.34610	0.34241	0.32258	0.31548	0.29123	0.30141	0.29959	0.27801	0.28198	0.29602	0.29136	0.29775	0.29367	0.28338	0.28347	0.27123	0.25074	0.25627	0.26085	0.24423	0.24875	0.22506	0.22886	0.23675	0.22772	0.22216	0.22717	0.22533	0.21947	0.22316	0.23987	0.22258
0.34195	0.36778	0.35424	0.44392	0.39044	0.38966	0.42201	0.39982	0.38694	0.39494	0.38327	0.37263	0.37610	0.36038	0.35230	0.34309	0.34822	0.32382	0.32529	0.32809	0.32165	0.30920	0.30198	0.30000	0.32722	0.31634	0.30592	0.29262	0.29666	0.28427	0.26400	0.25824	0.25783	0.26280	0.24994	0.23826	0.24092	0.23821	0.23435	0.23826	0.23089	0.22856	0.22889	0.24825	0.23072
0.32593	0.39449	0.38883	0.46590	0.44825	0.49482	0.39108	0.43408	0.42401	0.40874	0.39822	0.39952	0.40042	0.35624	0.35860	0.33331	0.35266	0.35712	0.37048	0.34651	0.32963	0.32199	0.30864	0.34675	0.33657	0.33608	0.32838	0.29470	0.30317	0.29190	0.29127	0.28191	0.27551	0.26361	0.25009	0.28021	0.25621	0.22011	0.23742	0.25407	0.24674	0.23953	0.24130	0.25043	0.23535
0.40324	0.40000	0.42000	0.48740	0.44506	0.45936	0.50057	0.56290	0.44292	0.42394	0.40500	0.41098	0.43240	0.39405	0.40331	0.36548	0.39991	0.38066	0.41264	0.38356	0.35591	0.34840	0.35118	0.36309	0.37035	0.34819	0.34910	0.30144	0.32461	0.31347	0.31884	0.27853	0.29530	0.29726	0.28970	0.28202	0.30120	0.26771	0.24115	0.26983	0.27053	0.25784	0.26451	0.29303	0.24533

#waaCwtM                                                                                                                                                                                                                             
0.09943	0.12331	0.11038	0.11453	0.09477	0.10278	0.09548	0.08970	0.14665	0.11195	0.09490	0.09880	0.11230	0.10200	0.07150	0.07590	0.08640	0.07242	0.08938	0.08157	0.07570	0.07151	0.07665	0.07845	0.08384	0.08100	0.08015	0.07826	0.07889	0.08589	0.09299	0.09200	0.09385	0.06936	0.07614	0.07787	0.06502	0.07301	0.07197	0.07000	0.07166	0.07121	0.07096	0.07128	0.07115
0.18347	0.18300	0.19752	0.21934	0.21823	0.17097	0.20643	0.22380	0.19413	0.24857	0.23408	0.22360	0.19440	0.18510	0.19860	0.19270	0.11550	0.16893	0.14250	0.17380	0.13607	0.15079	0.11137	0.16790	0.15854	0.17018	0.14600	0.12502	0.15730	0.13844	0.12018	0.15650	0.13910	0.10350	0.11470	0.13120	0.11647	0.12079	0.12940	0.13420	0.12813	0.13058	0.13097	0.15900	0.15333
0.22393	0.22369	0.24014	0.25521	0.27012	0.21376	0.22647	0.25930	0.20863	0.22989	0.28148	0.24936	0.23643	0.23340	0.21870	0.21818	0.17012	0.22240	0.22396	0.20590	0.21684	0.20981	0.21386	0.20478	0.21606	0.20950	0.20771	0.16797	0.19502	0.18966	0.16854	0.17997	0.17575	0.17523	0.15346	0.15570	0.16146	0.19500	0.18179	0.17370	0.17770	0.17176	0.17439	0.16560	0.16315
0.25458	0.26901	0.34804	0.29441	0.30447	0.25242	0.25317	0.30200	0.24368	0.26092	0.30488	0.27758	0.28384	0.26219	0.24151	0.24170	0.20713	0.24380	0.24897	0.23460	0.23073	0.23702	0.23433	0.23312	0.24191	0.23376	0.22931	0.21633	0.22180	0.21053	0.20588	0.20108	0.20150	0.19726	0.18082	0.19356	0.18895	0.21598	0.21969	0.19968	0.19020	0.17882	0.20310	0.19870	0.18141
0.29027	0.31113	0.37710	0.34376	0.32955	0.29127	0.29991	0.33054	0.27643	0.22946	0.35703	0.32384	0.32358	0.27209	0.26877	0.26260	0.25146	0.25490	0.26051	0.24678	0.26034	0.24449	0.26027	0.25395	0.25275	0.26031	0.24807	0.23512	0.24536	0.22746	0.22028	0.23425	0.21277	0.21461	0.19931	0.19750	0.20899	0.21087	0.22644	0.21152	0.20850	0.20064	0.19820	0.20970	0.20199
0.29088	0.32747	0.35109	0.36033	0.42433	0.33064	0.34283	0.36921	0.34731	0.32570	0.36221	0.33600	0.34220	0.34772	0.28497	0.26309	0.27209	0.28015	0.30131	0.25650	0.28682	0.27518	0.27344	0.27707	0.28670	0.27469	0.26763	0.25937	0.25975	0.24337	0.23652	0.23911	0.22771	0.22561	0.21155	0.21331	0.21177	0.22697	0.23172	0.21343	0.22157	0.20946	0.22092	0.21911	0.20448
0.34635	0.36091	0.38797	0.39299	0.44897	0.41556	0.39539	0.39090	0.39730	0.29680	0.41323	0.33550	0.35534	0.34793	0.32822	0.32100	0.29483	0.28604	0.30900	0.29476	0.27740	0.29632	0.29971	0.28954	0.29053	0.30085	0.28551	0.28622	0.27899	0.25580	0.24216	0.25972	0.24607	0.23086	0.21811	0.22682	0.22840	0.22863	0.24023	0.22462	0.22690	0.22171	0.23479	0.22930	0.22147
0.35858	0.38945	0.53598	0.49819	0.35000	0.32480	0.43224	0.41410	0.40650	0.36118	0.43888	0.38357	0.36542	0.36366	0.34820	0.34075	0.31594	0.34106	0.31825	0.32046	0.33418	0.28252	0.31799	0.30256	0.32706	0.31188	0.31020	0.30276	0.29668	0.27434	0.25235	0.27022	0.25509	0.26428	0.24141	0.23204	0.23127	0.24454	0.24679	0.23388	0.22610	0.22541	0.24240	0.23420	0.22734
0.32127	0.35835	0.49116	0.47306	0.46720	0.22230	0.48282	0.45390	0.44590	0.24935	0.36632	0.41034	0.40440	0.39463	0.35840	0.35386	0.37676	0.35790	0.39258	0.31357	0.33570	0.35136	0.31143	0.33283	0.32746	0.35913	0.30505	0.31081	0.31019	0.28019	0.27209	0.26767	0.27378	0.26636	0.26189	0.25071	0.24168	0.24667	0.25892	0.25121	0.23227	0.23808	0.25130	0.25140	0.23764
0.38686	0.38458	0.49757	0.43943	0.49848	0.43730	0.53418	0.56290	0.45330	0.40195	0.41101	0.41875	0.43090	0.40620	0.41232	0.38660	0.41328	0.38460	0.43223	0.38716	0.38816	0.36227	0.36649	0.30805	0.31027	0.38972	0.36218	0.39967	0.31719	0.30942	0.30023	0.28700	0.26859	0.28344	0.27969	0.28441	0.24430	0.26947	0.26606	0.28930	0.27494	0.24814	0.26160	0.26110	0.24787

#waaCwtS                                                                                                                                                                                                                             
0.09943	0.12331	0.11038	0.11453	0.09477	0.10278	0.09548	0.08970	0.14665	0.11195	0.09490	0.09880	0.11230	0.10200	0.07150	0.07590	0.08640	0.07242	0.08938	0.08157	0.07570	0.07151	0.07665	0.07845	0.08384	0.08100	0.08015	0.07826	0.07889	0.08589	0.09299	0.09200	0.09385	0.06936	0.07614	0.07787	0.06502	0.07301	0.07197	0.07000	0.09720	0.07972	0.08231	0.08641	0.08281
0.13405	0.17729	0.12076	0.18417	0.21022	0.19091	0.21224	0.19720	0.18217	0.22939	0.22149	0.17060	0.19156	0.17620	0.13260	0.16679	0.11550	0.06778	0.13939	0.15443	0.10340	0.13233	0.12559	0.12638	0.14965	0.12579	0.12338	0.18800	0.13203	0.14292	0.13753	0.14279	0.10154	0.11143	0.11858	0.13707	0.12236	0.07936	0.12030	0.12651	0.09710	0.11464	0.11275	0.10816	0.11185
0.17221	0.23467	0.16989	0.24699	0.26294	0.24433	0.24182	0.24796	0.23973	0.24110	0.24562	0.23426	0.23960	0.23447	0.20421	0.22426	0.17468	0.18316	0.19318	0.19710	0.21136	0.19959	0.18863	0.17545	0.20608	0.17709	0.17610	0.19368	0.18672	0.16144	0.16043	0.18643	0.15441	0.14633	0.13637	0.13320	0.13932	0.12653	0.16061	0.16791	0.12930	0.16394	0.15247	0.16020	0.17757
0.22582	0.25854	0.22554	0.31464	0.29648	0.27812	0.28152	0.28122	0.27702	0.27578	0.28719	0.26155	0.27665	0.26220	0.24904	0.24513	0.17579	0.21826	0.20345	0.22898	0.23686	0.23157	0.22475	0.22232	0.22540	0.21967	0.21197	0.21851	0.21289	0.20047	0.20580	0.20074	0.20269	0.17639	0.16703	0.16101	0.16326	0.17922	0.20795	0.16886	0.14842	0.17071	0.17974	0.18759	0.19369
0.24239	0.27284	0.23915	0.37311	0.33043	0.29833	0.30437	0.31393	0.31079	0.31220	0.32202	0.31153	0.32463	0.29154	0.27526	0.26167	0.23695	0.24999	0.24551	0.25564	0.25712	0.24268	0.25354	0.23967	0.24674	0.22659	0.23265	0.23366	0.23027	0.21777	0.21384	0.22779	0.21326	0.20411	0.19231	0.18825	0.18577	0.18508	0.20601	0.20075	0.16751	0.18920	0.19796	0.20700	0.20679
0.28254	0.32313	0.28395	0.40243	0.37122	0.33285	0.33883	0.34568	0.34258	0.33326	0.35144	0.33141	0.34738	0.33495	0.28576	0.26781	0.26345	0.27147	0.26012	0.27065	0.28344	0.26357	0.27572	0.26271	0.26907	0.24705	0.24215	0.24465	0.24831	0.23387	0.22720	0.24623	0.24058	0.21728	0.21619	0.20493	0.19824	0.19349	0.21402	0.20677	0.18172	0.19564	0.20817	0.21518	0.21616
0.30710	0.33560	0.30717	0.41285	0.36021	0.35921	0.40000	0.36825	0.36109	0.36105	0.38099	0.37290	0.37184	0.35630	0.33253	0.32272	0.30720	0.28943	0.30048	0.30751	0.29556	0.29242	0.29787	0.27191	0.28658	0.26390	0.27082	0.25696	0.25676	0.24153	0.23679	0.25980	0.25717	0.24887	0.22059	0.21849	0.21196	0.20838	0.22047	0.21330	0.19884	0.20493	0.21806	0.22200	0.21401
0.31001	0.36239	0.34561	0.35894	0.39053	0.36797	0.40454	0.40370	0.38487	0.37806	0.40260	0.38971	0.39848	0.36918	0.34328	0.35689	0.31126	0.33533	0.31964	0.31864	0.31920	0.30272	0.32056	0.28944	0.30654	0.27406	0.27288	0.27186	0.27543	0.25027	0.24800	0.27442	0.26430	0.25673	0.23914	0.22404	0.23455	0.22745	0.23684	0.22386	0.20569	0.20954	0.23248	0.23537	0.22831
0.31470	0.35563	0.37892	0.46943	0.35756	0.39651	0.40590	0.41740	0.42726	0.38476	0.41642	0.39110	0.41009	0.39183	0.36537	0.36562	0.35648	0.35403	0.34264	0.34011	0.33300	0.34690	0.33000	0.30002	0.31148	0.28778	0.29122	0.28564	0.27858	0.25824	0.25716	0.26816	0.28077	0.25757	0.27004	0.24172	0.23031	0.21926	0.23495	0.24810	0.22544	0.21960	0.23908	0.24970	0.23153
0.36401	0.35006	0.38593	0.48820	0.40360	0.41785	0.49550	0.44510	0.34788	0.42855	0.44445	0.44003	0.42842	0.42002	0.38791	0.41086	0.37203	0.38352	0.38372	0.39592	0.37551	0.35316	0.35825	0.29980	0.33739	0.30607	0.29864	0.30655	0.29857	0.26510	0.27093	0.26682	0.29588	0.26865	0.26472	0.25712	0.27184	0.25123	0.26048	0.23950	0.24620	0.22487	0.25377	0.24380	0.22995

## waaFxd
# waaFxdN
-1.0000	-1.0000	-1.0000	-1.0000	-1.0000	-1.0000	-1.0000	-1.0000	-1.0000	-1.0000	-1.0000	-1.0000	-1.0000	-1.0000	-1.0000	-1.0000	-1.0000	-1.0000	-1.0000	-1.0000	-1.0000	-1.0000	-1.0000	-1.0000	-1.0000	-1.0000	-1.0000	-1.0000	-1.0000	-1.0000	-1.0000	-1.0000	-1.0000	-1.0000	-1.0000	-1.0000	-1.0000	-1.0000	-1.0000	-1.0000	-1.0000	-1.0000	-1.0000	-1.0000	-1.0000
-1.0000	-1.0000	-1.0000	-1.0000	-1.0000	-1.0000	-1.0000	-1.0000	-1.0000	-1.0000	-1.0000	-1.0000	-1.0000	-1.0000	-1.0000	-1.0000	-1.0000	-1.0000	-1.0000	-1.0000	-1.0000	-1.0000	-1.0000	-1.0000	-1.0000	-1.0000	-1.0000	-1.0000	-1.0000	-1.0000	-1.0000	-1.0000	-1.0000	-1.0000	-1.0000	-1.0000	-1.0000	-1.0000	-1.0000	-1.0000	-1.0000	-1.0000	-1.0000	-1.0000	-1.0000
-1.0000	-1.0000	-1.0000	-1.0000	-1.0000	-1.0000	-1.0000	-1.0000	0.2648	0.2518	0.2604	0.2564	0.2480	0.2296	0.2288	0.2192	0.2091	0.2051	0.2209	0.2064	0.2087	0.2117	0.2138	0.2109	0.2204	0.2086	0.2002	0.1961	0.2024	0.1973	0.1900	0.1902	0.1792	0.1845	0.1580	0.1710	0.2021	0.1733	0.1759	0.1825	0.1107	0.1681	0.1643	0.1959	0.1808
-1.0000	-1.0000	-1.0000	-1.0000	-1.0000	-1.0000	-1.0000	-1.0000	0.3034	0.2887	0.2848	0.2953	0.2866	0.2629	0.2579	0.2392	0.2369	0.2267	0.2442	0.2362	0.2322	0.2369	0.2349	0.2371	0.2398	0.2383	0.2177	0.2249	0.2202	0.2039	0.2142	0.2020	0.2059	0.1970	0.1834	0.1951	0.2130	0.2000	0.1983	0.1900	0.2012	0.1983	0.1830	0.2069	0.1938
-1.0000	-1.0000	-1.0000	-1.0000	-1.0000	-1.0000	-1.0000	-1.0000	0.3333	0.3227	0.3105	0.3269	0.3245	0.2987	0.2835	0.2648	0.2575	0.2472	0.2579	0.2599	0.2577	0.2497	0.2604	0.2553	0.2636	0.2551	0.2518	0.2403	0.2414	0.2250	0.2279	0.2326	0.2169	0.2156	0.2038	0.2048	0.2201	0.2122	0.2120	0.2050	0.2033	0.2034	0.2054	0.2212	0.2050
-1.0000	-1.0000	-1.0000	-1.0000	-1.0000	-1.0000	-1.0000	-1.0000	0.3757	0.3547	0.3406	0.3523	0.3496	0.3300	0.3124	0.2910	0.2876	0.2817	0.2813	0.2746	0.2856	0.2792	0.2751	0.2820	0.2823	0.2780	0.2631	0.2605	0.2580	0.2420	0.2442	0.2505	0.2379	0.2222	0.2138	0.2146	0.2300	0.2274	0.2151	0.2213	0.2100	0.2149	0.2152	0.2294	0.2064
-1.0000	-1.0000	-1.0000	-1.0000	-1.0000	-1.0000	-1.0000	-1.0000	0.3958	0.3801	0.3669	0.3772	0.3681	0.3495	0.3447	0.3299	0.3155	0.3025	0.3064	0.3078	0.2934	0.3007	0.3043	0.3054	0.2962	0.2957	0.2848	0.2849	0.2854	0.2537	0.2594	0.2612	0.2504	0.2580	0.2251	0.2307	0.2407	0.2291	0.2232	0.2272	0.2260	0.2220	0.2246	0.2399	0.2226
-1.0000	-1.0000	-1.0000	-1.0000	-1.0000	-1.0000	-1.0000	-1.0000	0.4065	0.3998	0.3926	0.3908	0.3885	0.3639	0.3551	0.3465	0.3482	0.3329	0.3288	0.3369	0.3301	0.3267	0.3167	0.3304	0.3264	0.3126	0.3079	0.2960	0.3001	0.2901	0.2641	0.2583	0.2610	0.2630	0.2499	0.2421	0.2427	0.2407	0.2358	0.2383	0.2324	0.2292	0.2293	0.2483	0.2307
-1.0000	-1.0000	-1.0000	-1.0000	-1.0000	-1.0000	-1.0000	-1.0000	0.4461	0.4145	0.3885	0.4198	0.4078	0.3625	0.3632	0.3262	0.3527	0.3613	0.3761	0.3506	0.3552	0.3703	0.3340	0.3467	0.3316	0.3335	0.3294	0.2963	0.3034	0.2921	0.2942	0.2819	0.2792	0.2652	0.2503	0.2861	0.2920	0.2253	0.2390	0.2541	0.2467	0.2395	0.2433	0.2504	0.2354
-1.0000	-1.0000	-1.0000	-1.0000	-1.0000	-1.0000	-1.0000	-1.0000	-1.0000	-1.0000	-1.0000	-1.0000	-1.0000	-1.0000	-1.0000	-1.0000	-1.0000	-1.0000	-1.0000	-1.0000	-1.0000	-1.0000	-1.0000	-1.0000	-1.0000	-1.0000	-1.0000	-1.0000	-1.0000	-1.0000	-1.0000	-1.0000	-1.0000	-1.0000	-1.0000	-1.0000	-1.0000	-1.0000	-1.0000	-1.0000	-1.0000	-1.0000	-1.0000	-1.0000	-1.0000

# waaFxdM
-1.0000	-1.0000	-1.0000	-1.0000	-1.0000	-1.0000	-1.0000	-1.0000	-1.0000	-1.0000	-1.0000	-1.0000	-1.0000	-1.0000	-1.0000	-1.0000	-1.0000	-1.0000	-1.0000	-1.0000	-1.0000	-1.0000	-1.0000	-1.0000	-1.0000	-1.0000	-1.0000	-1.0000	-1.0000	-1.0000	-1.0000	-1.0000	-1.0000	-1.0000	-1.0000	-1.0000	-1.0000	-1.0000	-1.0000	-1.0000	-1.0000	-1.0000	-1.0000	-1.0000	-1.0000
-1.0000	-1.0000	-1.0000	-1.0000	-1.0000	-1.0000	-1.0000	-1.0000	-1.0000	-1.0000	-1.0000	-1.0000	-1.0000	-1.0000	-1.0000	-1.0000	-1.0000	-1.0000	-1.0000	-1.0000	-1.0000	-1.0000	-1.0000	-1.0000	-1.0000	-1.0000	-1.0000	-1.0000	-1.0000	-1.0000	-1.0000	-1.0000	-1.0000	-1.0000	-1.0000	-1.0000	-1.0000	-1.0000	-1.0000	-1.0000	-1.0000	-1.0000	-1.0000	-1.0000	-1.0000
-1.0000	-1.0000	-1.0000	-1.0000	-1.0000	-1.0000	-1.0000	-1.0000	0.2086	0.2299	0.2815	0.2494	0.2364	0.2334	0.2187	0.2182	0.2133	0.2224	0.2257	0.2059	0.2191	0.2098	0.2139	0.2048	0.2190	0.2095	0.2077	0.1995	0.1969	0.1961	0.1685	0.1800	0.1758	0.1752	0.1535	0.1557	0.1753	0.1950	0.1818	0.1737	0.1777	0.1718	0.1744	0.1656	0.1632
-1.0000	-1.0000	-1.0000	-1.0000	-1.0000	-1.0000	-1.0000	-1.0000	0.2437	0.2609	0.3049	0.2776	0.2838	0.2622	0.2415	0.2417	0.2427	0.2438	0.2504	0.2346	0.2341	0.2370	0.2343	0.2331	0.2438	0.2338	0.2293	0.2273	0.2237	0.2108	0.2059	0.2011	0.2015	0.1973	0.1808	0.1936	0.1890	0.2160	0.2197	0.1997	0.1902	0.1788	0.2031	0.1987	0.1814
-1.0000	-1.0000	-1.0000	-1.0000	-1.0000	-1.0000	-1.0000	-1.0000	0.2764	0.2294	0.3570	0.3238	0.3236	0.2721	0.2688	0.2626	0.2704	0.2549	0.2607	0.2468	0.2648	0.2445	0.2603	0.2540	0.2566	0.2603	0.2481	0.2397	0.2454	0.2285	0.2203	0.2342	0.2128	0.2146	0.1993	0.1975	0.2090	0.2109	0.2264	0.2115	0.2085	0.2006	0.1982	0.2097	0.2020
-1.0000	-1.0000	-1.0000	-1.0000	-1.0000	-1.0000	-1.0000	-1.0000	0.3473	0.3257	0.3622	0.3360	0.3422	0.3477	0.2850	0.2631	0.2936	0.2801	0.3038	0.2565	0.2861	0.2752	0.2734	0.2771	0.2882	0.2747	0.2676	0.2663	0.2596	0.2437	0.2365	0.2391	0.2277	0.2256	0.2115	0.2133	0.2118	0.2270	0.2317	0.2134	0.2216	0.2095	0.2209	0.2191	0.2045
-1.0000	-1.0000	-1.0000	-1.0000	-1.0000	-1.0000	-1.0000	-1.0000	0.3973	0.2963	0.4132	0.3355	0.3553	0.3479	0.3282	0.3210	0.3093	0.2860	0.3096	0.2948	0.2785	0.2963	0.2997	0.2895	0.2931	0.3009	0.2855	0.2848	0.2790	0.2565	0.2422	0.2597	0.2461	0.2309	0.2181	0.2268	0.2284	0.2286	0.2402	0.2246	0.2269	0.2217	0.2348	0.2293	0.2215
-1.0000	-1.0000	-1.0000	-1.0000	-1.0000	-1.0000	-1.0000	-1.0000	0.4065	0.3612	0.4389	0.3836	0.3654	0.3637	0.3482	0.3407	0.3281	0.3411	0.3181	0.3205	0.3356	0.2825	0.3180	0.3026	0.3271	0.3119	0.3102	0.3033	0.2967	0.2746	0.2524	0.2702	0.2551	0.2643	0.2414	0.2320	0.2313	0.2445	0.2468	0.2339	0.2261	0.2254	0.2424	0.2342	0.2273
-1.0000	-1.0000	-1.0000	-1.0000	-1.0000	-1.0000	-1.0000	-1.0000	0.4459	0.2490	0.3661	0.4103	0.4044	0.3946	0.3584	0.3539	0.3988	0.3579	0.3931	0.3136	0.3429	0.3514	0.3114	0.3275	0.3275	0.3591	0.3051	0.3093	0.3102	0.2810	0.2721	0.2677	0.2738	0.2664	0.2619	0.2507	0.2417	0.2467	0.2589	0.2512	0.2323	0.2381	0.2513	0.2514	0.2376
-1.0000	-1.0000	-1.0000	-1.0000	-1.0000	-1.0000	-1.0000	-1.0000	-1.0000	-1.0000	-1.0000	-1.0000	-1.0000	-1.0000	-1.0000	-1.0000	-1.0000	-1.0000	-1.0000	-1.0000	-1.0000	-1.0000	-1.0000	-1.0000	-1.0000	-1.0000	-1.0000	-1.0000	-1.0000	-1.0000	-1.0000	-1.0000	-1.0000	-1.0000	-1.0000	-1.0000	-1.0000	-1.0000	-1.0000	-1.0000	-1.0000	-1.0000	-1.0000	-1.0000	-1.0000
                                                                                                                                                                                                                                                                                                                                 
# waaFxdS                                                                                                                                                                                                                                                                                                                        
-1.0000	-1.0000	-1.0000	-1.0000	-1.0000	-1.0000	-1.0000	-1.0000	-1.0000	-1.0000	-1.0000	-1.0000	-1.0000	-1.0000	-1.0000	-1.0000	-1.0000	-1.0000	-1.0000	-1.0000	-1.0000	-1.0000	-1.0000	-1.0000	-1.0000	-1.0000	-1.0000	-1.0000	-1.0000	-1.0000	-1.0000	-1.0000	-1.0000	-1.0000	-1.0000	-1.0000	-1.0000	-1.0000	-1.0000	-1.0000	-1.0000	-1.0000	-1.0000	-1.0000	-1.0000
-1.0000	-1.0000	-1.0000	-1.0000	-1.0000	-1.0000	-1.0000	-1.0000	-1.0000	-1.0000	-1.0000	-1.0000	-1.0000	-1.0000	-1.0000	-1.0000	-1.0000	-1.0000	-1.0000	-1.0000	-1.0000	-1.0000	-1.0000	-1.0000	-1.0000	-1.0000	-1.0000	-1.0000	-1.0000	-1.0000	-1.0000	-1.0000	-1.0000	-1.0000	-1.0000	-1.0000	-1.0000	-1.0000	-1.0000	-1.0000	-1.0000	-1.0000	-1.0000	-1.0000	-1.0000
-1.0000	-1.0000	-1.0000	-1.0000	-1.0000	-1.0000	-1.0000	-1.0000	0.2399	0.2411	0.2458	0.2343	0.2396	0.2345	0.2152	0.2243	0.2125	0.2153	0.2167	0.2030	0.2114	0.2094	0.2029	0.2087	0.2156	0.2029	0.2061	0.1937	0.1897	0.1634	0.1604	0.1864	0.1607	0.1463	0.1496	0.1464	0.1566	0.1654	0.1606	0.1679	0.1293	0.1639	0.1525	0.1602	0.1776
-1.0000	-1.0000	-1.0000	-1.0000	-1.0000	-1.0000	-1.0000	-1.0000	0.2771	0.2758	0.2872	0.2615	0.2766	0.2622	0.2520	0.2451	0.2223	0.2274	0.2436	0.2322	0.2370	0.2362	0.2271	0.2297	0.2328	0.2268	0.2239	0.2185	0.2153	0.2005	0.2058	0.2007	0.2049	0.1764	0.1695	0.1785	0.1747	0.1882	0.2080	0.1689	0.1564	0.1707	0.1797	0.1876	0.1937
-1.0000	-1.0000	-1.0000	-1.0000	-1.0000	-1.0000	-1.0000	-1.0000	0.3108	0.3122	0.3220	0.3115	0.3246	0.2915	0.2798	0.2617	0.2579	0.2580	0.2536	0.2709	0.2571	0.2526	0.2556	0.2481	0.2489	0.2473	0.2368	0.2337	0.2311	0.2180	0.2138	0.2278	0.2137	0.2041	0.1929	0.1937	0.1999	0.1932	0.2060	0.2007	0.1715	0.1892	0.1980	0.2070	0.2068
-1.0000	-1.0000	-1.0000	-1.0000	-1.0000	-1.0000	-1.0000	-1.0000	0.3427	0.3333	0.3516	0.3314	0.3474	0.3350	0.2866	0.2678	0.2842	0.2751	0.2775	0.2788	0.2831	0.2693	0.2810	0.2697	0.2711	0.2590	0.2538	0.2446	0.2486	0.2339	0.2272	0.2462	0.2407	0.2173	0.2164	0.2099	0.2012	0.1943	0.2140	0.2068	0.1894	0.1956	0.2082	0.2152	0.2162
-1.0000	-1.0000	-1.0000	-1.0000	-1.0000	-1.0000	-1.0000	-1.0000	0.3611	0.3611	0.3812	0.3729	0.3718	0.3563	0.3377	0.3227	0.3222	0.2978	0.3063	0.3203	0.2960	0.2998	0.3002	0.2912	0.2879	0.2779	0.2817	0.2570	0.2568	0.2416	0.2368	0.2598	0.2571	0.2489	0.2209	0.2199	0.2129	0.2097	0.2205	0.2133	0.1989	0.2049	0.2181	0.2220	0.2140
-1.0000	-1.0000	-1.0000	-1.0000	-1.0000	-1.0000	-1.0000	-1.0000	0.3849	0.3781	0.4028	0.3897	0.3985	0.3692	0.3442	0.3569	0.3311	0.3350	0.3219	0.3234	0.3194	0.3060	0.3258	0.3059	0.3058	0.3020	0.2822	0.2719	0.2755	0.2503	0.2480	0.2744	0.2643	0.2567	0.2395	0.2261	0.2368	0.2324	0.2368	0.2239	0.2157	0.2095	0.2325	0.2354	0.2283
-1.0000	-1.0000	-1.0000	-1.0000	-1.0000	-1.0000	-1.0000	-1.0000	0.4273	0.3847	0.4165	0.3911	0.4101	0.3918	0.3681	0.3656	0.3595	0.3559	0.3468	0.3415	0.3311	0.3445	0.3294	0.3361	0.3084	0.3063	0.3034	0.2856	0.2786	0.2582	0.2572	0.2682	0.2808	0.2576	0.2701	0.2534	0.2310	0.2183	0.2349	0.2481	0.2292	0.2196	0.2391	0.2497	0.2315
-1.0000	-1.0000	-1.0000	-1.0000	-1.0000	-1.0000	-1.0000	-1.0000	-1.0000	-1.0000	-1.0000	-1.0000	-1.0000	-1.0000	-1.0000	-1.0000	-1.0000	-1.0000	-1.0000	-1.0000	-1.0000	-1.0000	-1.0000	-1.0000	-1.0000	-1.0000	-1.0000	-1.0000	-1.0000	-1.0000	-1.0000	-1.0000	-1.0000	-1.0000	-1.0000	-1.0000	-1.0000	-1.0000	-1.0000	-1.0000	-1.0000	-1.0000	-1.0000	-1.0000	-1.0000

## waaXnet
# waaXnetN
-1.0000	-1.0000	-1.0000	-1.0000	-1.0000	-1.0000	-1.0000	-1.0000	-1.0000	-1.0000	-1.0000	-1.0000	-1.0000	-1.0000	-1.0000	-1.0000	-1.0000	-1.0000	-1.0000	-1.0000	-1.0000	-1.0000	-1.0000	-1.0000	-1.0000	-1.0000	-1.0000	-1.0000	-1.0000	-1.0000	-1.0000	-1.0000	-1.0000	-1.0000	-1.0000	-1.0000	-1.0000	-1.0000	-1.0000	-1.0000	-1.0000	-1.0000	-1.0000	-1.0000	-1.0000
-1.0000	-1.0000	-1.0000	-1.0000	-1.0000	-1.0000	-1.0000	-1.0000	-1.0000	-1.0000	-1.0000	-1.0000	-1.0000	-1.0000	-1.0000	-1.0000	-1.0000	-1.0000	-1.0000	-1.0000	-1.0000	-1.0000	-1.0000	-1.0000	0.1464	0.1430	0.1388	0.1183	0.1450	0.1469	0.1432	0.1366	0.1296	0.1117	0.1228	0.1290	0.1212	0.1196	0.1269	0.1314	0.1145	0.1170	0.1310	0.1208	0.1312
-1.0000	-1.0000	-1.0000	-1.0000	-1.0000	-1.0000	-1.0000	-1.0000	-1.0000	-1.0000	-1.0000	-1.0000	-1.0000	-1.0000	-1.0000	-1.0000	-1.0000	-1.0000	-1.0000	-1.0000	-1.0000	-1.0000	-1.0000	-1.0000	0.1968	0.1859	0.1928	0.1713	0.1783	0.1806	0.1797	0.1746	0.1639	0.1440	0.1401	0.1411	0.1874	0.1497	0.1535	0.1464	0.1469	0.1315	0.1593	0.1552	0.1525
-1.0000	-1.0000	-1.0000	-1.0000	-1.0000	-1.0000	-1.0000	-1.0000	-1.0000	-1.0000	-1.0000	-1.0000	-1.0000	-1.0000	-1.0000	-1.0000	-1.0000	-1.0000	-1.0000	-1.0000	-1.0000	-1.0000	-1.0000	-1.0000	0.2363	0.2360	0.2224	0.2177	0.2140	0.1962	0.2058	0.2048	0.1943	0.1743	0.1674	0.1728	0.1905	0.1813	0.1815	0.1747	0.1684	0.1579	0.1614	0.1827	0.1709
-1.0000	-1.0000	-1.0000	-1.0000	-1.0000	-1.0000	-1.0000	-1.0000	-1.0000	-1.0000	-1.0000	-1.0000	-1.0000	-1.0000	-1.0000	-1.0000	-1.0000	-1.0000	-1.0000	-1.0000	-1.0000	-1.0000	-1.0000	-1.0000	0.2647	0.2628	0.2588	0.2496	0.2480	0.2280	0.2342	0.2363	0.2190	0.2068	0.1971	0.1909	0.2087	0.2025	0.2106	0.2046	0.1907	0.1837	0.1917	0.2017	0.1975
-1.0000	-1.0000	-1.0000	-1.0000	-1.0000	-1.0000	-1.0000	-1.0000	-1.0000	-1.0000	-1.0000	-1.0000	-1.0000	-1.0000	-1.0000	-1.0000	-1.0000	-1.0000	-1.0000	-1.0000	-1.0000	-1.0000	-1.0000	-1.0000	0.2987	0.2907	0.2783	0.2624	0.2629	0.2605	0.2543	0.2658	0.2566	0.2298	0.2234	0.2200	0.2272	0.2308	0.2253	0.2257	0.2049	0.2108	0.2084	0.2268	0.2018
-1.0000	-1.0000	-1.0000	-1.0000	-1.0000	-1.0000	-1.0000	-1.0000	-1.0000	-1.0000	-1.0000	-1.0000	-1.0000	-1.0000	-1.0000	-1.0000	-1.0000	-1.0000	-1.0000	-1.0000	-1.0000	-1.0000	-1.0000	-1.0000	0.3232	0.3134	0.3106	0.2962	0.2975	0.2784	0.2754	0.2855	0.2660	0.2619	0.2346	0.2376	0.2459	0.2441	0.2429	0.2315	0.2354	0.2298	0.2294	0.2449	0.2213
-1.0000	-1.0000	-1.0000	-1.0000	-1.0000	-1.0000	-1.0000	-1.0000	-1.0000	-1.0000	-1.0000	-1.0000	-1.0000	-1.0000	-1.0000	-1.0000	-1.0000	-1.0000	-1.0000	-1.0000	-1.0000	-1.0000	-1.0000	-1.0000	0.3402	0.3422	0.3291	0.3075	0.3136	0.3013	0.2875	0.3082	0.2853	0.2739	0.2596	0.2482	0.2615	0.2692	0.2553	0.2516	0.2467	0.2385	0.2416	0.2642	0.2402
-1.0000	-1.0000	-1.0000	-1.0000	-1.0000	-1.0000	-1.0000	-1.0000	-1.0000	-1.0000	-1.0000	-1.0000	-1.0000	-1.0000	-1.0000	-1.0000	-1.0000	-1.0000	-1.0000	-1.0000	-1.0000	-1.0000	-1.0000	-1.0000	-1.0000	-1.0000	-1.0000	-1.0000	-1.0000	-1.0000	-1.0000	-1.0000	-1.0000	-1.0000	-1.0000	-1.0000	-1.0000	-1.0000	-1.0000	-1.0000	-1.0000	-1.0000	-1.0000	-1.0000	-1.0000
-1.0000	-1.0000	-1.0000	-1.0000	-1.0000	-1.0000	-1.0000	-1.0000	-1.0000	-1.0000	-1.0000	-1.0000	-1.0000	-1.0000	-1.0000	-1.0000	-1.0000	-1.0000	-1.0000	-1.0000	-1.0000	-1.0000	-1.0000	-1.0000	-1.0000	-1.0000	-1.0000	-1.0000	-1.0000	-1.0000	-1.0000	-1.0000	-1.0000	-1.0000	-1.0000	-1.0000	-1.0000	-1.0000	-1.0000	-1.0000	-1.0000	-1.0000	-1.0000	-1.0000	-1.0000

# waaXnetM                                                                                                                                                                                                                                                       
-1.0000	-1.0000	-1.0000	-1.0000	-1.0000	-1.0000	-1.0000	-1.0000	-1.0000	-1.0000	-1.0000	-1.0000	-1.0000	-1.0000	-1.0000	-1.0000	-1.0000	-1.0000	-1.0000	-1.0000	-1.0000	-1.0000	-1.0000	-1.0000	-1.0000	-1.0000	-1.0000	-1.0000	-1.0000	-1.0000	-1.0000	-1.0000	-1.0000	-1.0000	-1.0000	-1.0000	-1.0000	-1.0000	-1.0000	-1.0000	-1.0000	-1.0000	-1.0000	-1.0000	-1.0000
-1.0000	-1.0000	-1.0000	-1.0000	-1.0000	-1.0000	-1.0000	-1.0000	-1.0000	-1.0000	-1.0000	-1.0000	-1.0000	-1.0000	-1.0000	-1.0000	-1.0000	-1.0000	-1.0000	-1.0000	-1.0000	-1.0000	-1.0000	-1.0000	0.1780	0.1397	0.1329	0.1290	0.1430	0.1390	0.1373	0.1248	0.1281	0.1134	0.1055	0.1203	0.1131	0.1079	0.1208	0.1440	0.1186	0.1158	0.1238	0.1201	0.1291
-1.0000	-1.0000	-1.0000	-1.0000	-1.0000	-1.0000	-1.0000	-1.0000	-1.0000	-1.0000	-1.0000	-1.0000	-1.0000	-1.0000	-1.0000	-1.0000	-1.0000	-1.0000	-1.0000	-1.0000	-1.0000	-1.0000	-1.0000	-1.0000	0.2091	0.1865	0.1867	0.1695	0.1794	0.1722	0.1763	0.1660	0.1586	0.1403	0.1355	0.1347	0.1437	0.1382	0.1516	0.1498	0.1456	0.1421	0.1429	0.1452	0.1453
-1.0000	-1.0000	-1.0000	-1.0000	-1.0000	-1.0000	-1.0000	-1.0000	-1.0000	-1.0000	-1.0000	-1.0000	-1.0000	-1.0000	-1.0000	-1.0000	-1.0000	-1.0000	-1.0000	-1.0000	-1.0000	-1.0000	-1.0000	-1.0000	0.2467	0.2257	0.2203	0.2125	0.2087	0.1975	0.2036	0.2002	0.1882	0.1742	0.1598	0.1644	0.1726	0.1655	0.1869	0.1705	0.1643	0.1496	0.1589	0.1761	0.1683
-1.0000	-1.0000	-1.0000	-1.0000	-1.0000	-1.0000	-1.0000	-1.0000	-1.0000	-1.0000	-1.0000	-1.0000	-1.0000	-1.0000	-1.0000	-1.0000	-1.0000	-1.0000	-1.0000	-1.0000	-1.0000	-1.0000	-1.0000	-1.0000	0.2665	0.2589	0.2550	0.2411	0.2419	0.2289	0.2274	0.2266	0.2127	0.2009	0.1968	0.1913	0.1941	0.1979	0.2190	0.1968	0.1912	0.1819	0.1807	0.1952	0.1980
-1.0000	-1.0000	-1.0000	-1.0000	-1.0000	-1.0000	-1.0000	-1.0000	-1.0000	-1.0000	-1.0000	-1.0000	-1.0000	-1.0000	-1.0000	-1.0000	-1.0000	-1.0000	-1.0000	-1.0000	-1.0000	-1.0000	-1.0000	-1.0000	0.3041	0.2810	0.2786	0.2702	0.2617	0.2533	0.2480	0.2558	0.2431	0.2163	0.2162	0.2123	0.2124	0.2305	0.2357	0.2129	0.2223	0.2018	0.2141	0.2212	0.2080
-1.0000	-1.0000	-1.0000	-1.0000	-1.0000	-1.0000	-1.0000	-1.0000	-1.0000	-1.0000	-1.0000	-1.0000	-1.0000	-1.0000	-1.0000	-1.0000	-1.0000	-1.0000	-1.0000	-1.0000	-1.0000	-1.0000	-1.0000	-1.0000	0.3191	0.3093	0.3029	0.2911	0.2872	0.2706	0.2653	0.2702	0.2579	0.2418	0.2331	0.2267	0.2327	0.2417	0.2589	0.2309	0.2353	0.2232	0.2281	0.2388	0.2244
-1.0000	-1.0000	-1.0000	-1.0000	-1.0000	-1.0000	-1.0000	-1.0000	-1.0000	-1.0000	-1.0000	-1.0000	-1.0000	-1.0000	-1.0000	-1.0000	-1.0000	-1.0000	-1.0000	-1.0000	-1.0000	-1.0000	-1.0000	-1.0000	0.3397	0.3284	0.3258	0.3076	0.3129	0.2985	0.2814	0.2902	0.2710	0.2544	0.2628	0.2413	0.2421	0.2491	0.2545	0.2530	0.2525	0.2402	0.2488	0.2522	0.2409
-1.0000	-1.0000	-1.0000	-1.0000	-1.0000	-1.0000	-1.0000	-1.0000	-1.0000	-1.0000	-1.0000	-1.0000	-1.0000	-1.0000	-1.0000	-1.0000	-1.0000	-1.0000	-1.0000	-1.0000	-1.0000	-1.0000	-1.0000	-1.0000	-1.0000	-1.0000	-1.0000	-1.0000	-1.0000	-1.0000	-1.0000	-1.0000	-1.0000	-1.0000	-1.0000	-1.0000	-1.0000	-1.0000	-1.0000	-1.0000	-1.0000	-1.0000	-1.0000	-1.0000	-1.0000
-1.0000	-1.0000	-1.0000	-1.0000	-1.0000	-1.0000	-1.0000	-1.0000	-1.0000	-1.0000	-1.0000	-1.0000	-1.0000	-1.0000	-1.0000	-1.0000	-1.0000	-1.0000	-1.0000	-1.0000	-1.0000	-1.0000	-1.0000	-1.0000	-1.0000	-1.0000	-1.0000	-1.0000	-1.0000	-1.0000	-1.0000	-1.0000	-1.0000	-1.0000	-1.0000	-1.0000	-1.0000	-1.0000	-1.0000	-1.0000	-1.0000	-1.0000	-1.0000	-1.0000	-1.0000

# waaXnetS                                                                                                                                                                                                                                                       
-1.0000	-1.0000	-1.0000	-1.0000	-1.0000	-1.0000	-1.0000	-1.0000	-1.0000	-1.0000	-1.0000	-1.0000	-1.0000	-1.0000	-1.0000	-1.0000	-1.0000	-1.0000	-1.0000	-1.0000	-1.0000	-1.0000	-1.0000	-1.0000	-1.0000	-1.0000	-1.0000	-1.0000	-1.0000	-1.0000	-1.0000	-1.0000	-1.0000	-1.0000	-1.0000	-1.0000	-1.0000	-1.0000	-1.0000	-1.0000	-1.0000	-1.0000	-1.0000	-1.0000	-1.0000
-1.0000	-1.0000	-1.0000	-1.0000	-1.0000	-1.0000	-1.0000	-1.0000	-1.0000	-1.0000	-1.0000	-1.0000	-1.0000	-1.0000	-1.0000	-1.0000	-1.0000	-1.0000	-1.0000	-1.0000	-1.0000	-1.0000	-1.0000	-1.0000	0.1209	0.1335	0.1280	0.1169	0.1184	0.1224	0.1168	0.1213	0.1112	0.0993	0.0905	0.1082	0.1150	0.1213	0.1067	0.1304	0.1180	0.1020	0.1006	0.1221	0.1100
-1.0000	-1.0000	-1.0000	-1.0000	-1.0000	-1.0000	-1.0000	-1.0000	-1.0000	-1.0000	-1.0000	-1.0000	-1.0000	-1.0000	-1.0000	-1.0000	-1.0000	-1.0000	-1.0000	-1.0000	-1.0000	-1.0000	-1.0000	-1.0000	0.1891	0.1802	0.1777	0.1645	0.1616	0.1591	0.1547	0.1541	0.1376	0.1196	0.1227	0.1342	0.1482	0.1335	0.1334	0.1363	0.1248	0.1179	0.1222	0.1365	0.1505
-1.0000	-1.0000	-1.0000	-1.0000	-1.0000	-1.0000	-1.0000	-1.0000	-1.0000	-1.0000	-1.0000	-1.0000	-1.0000	-1.0000	-1.0000	-1.0000	-1.0000	-1.0000	-1.0000	-1.0000	-1.0000	-1.0000	-1.0000	-1.0000	0.2216	0.2214	0.2212	0.2048	0.1944	0.1880	0.1830	0.1907	0.1899	0.1566	0.1439	0.1612	0.1628	0.1593	0.1742	0.1563	0.1428	0.1275	0.1525	0.1661	0.1665
-1.0000	-1.0000	-1.0000	-1.0000	-1.0000	-1.0000	-1.0000	-1.0000	-1.0000	-1.0000	-1.0000	-1.0000	-1.0000	-1.0000	-1.0000	-1.0000	-1.0000	-1.0000	-1.0000	-1.0000	-1.0000	-1.0000	-1.0000	-1.0000	0.2522	0.2532	0.2458	0.2270	0.2249	0.2113	0.2121	0.2266	0.2011	0.1952	0.1737	0.1809	0.1998	0.1818	0.1980	0.1980	0.1679	0.1805	0.1706	0.1905	0.1827
-1.0000	-1.0000	-1.0000	-1.0000	-1.0000	-1.0000	-1.0000	-1.0000	-1.0000	-1.0000	-1.0000	-1.0000	-1.0000	-1.0000	-1.0000	-1.0000	-1.0000	-1.0000	-1.0000	-1.0000	-1.0000	-1.0000	-1.0000	-1.0000	0.2790	0.2784	0.2689	0.2507	0.2472	0.2414	0.2315	0.2440	0.2400	0.2134	0.2131	0.2042	0.2032	0.2025	0.2152	0.2092	0.1990	0.1921	0.2074	0.2212	0.2101
-1.0000	-1.0000	-1.0000	-1.0000	-1.0000	-1.0000	-1.0000	-1.0000	-1.0000	-1.0000	-1.0000	-1.0000	-1.0000	-1.0000	-1.0000	-1.0000	-1.0000	-1.0000	-1.0000	-1.0000	-1.0000	-1.0000	-1.0000	-1.0000	0.3070	0.3007	0.2911	0.2803	0.2713	0.2550	0.2545	0.2709	0.2491	0.2600	0.2183	0.2266	0.2231	0.2272	0.2344	0.2304	0.2150	0.2202	0.2264	0.2330	0.2278
-1.0000	-1.0000	-1.0000	-1.0000	-1.0000	-1.0000	-1.0000	-1.0000	-1.0000	-1.0000	-1.0000	-1.0000	-1.0000	-1.0000	-1.0000	-1.0000	-1.0000	-1.0000	-1.0000	-1.0000	-1.0000	-1.0000	-1.0000	-1.0000	0.3135	0.3168	0.3098	0.2992	0.2950	0.2747	0.2654	0.2736	0.2617	0.2595	0.2410	0.2366	0.2461	0.2456	0.2327	0.2328	0.2257	0.2317	0.2393	0.2496	0.2469
-1.0000	-1.0000	-1.0000	-1.0000	-1.0000	-1.0000	-1.0000	-1.0000	-1.0000	-1.0000	-1.0000	-1.0000	-1.0000	-1.0000	-1.0000	-1.0000	-1.0000	-1.0000	-1.0000	-1.0000	-1.0000	-1.0000	-1.0000	-1.0000	-1.0000	-1.0000	-1.0000	-1.0000	-1.0000	-1.0000	-1.0000	-1.0000	-1.0000	-1.0000	-1.0000	-1.0000	-1.0000	-1.0000	-1.0000	-1.0000	-1.0000	-1.0000	-1.0000	-1.0000	-1.0000
-1.0000	-1.0000	-1.0000	-1.0000	-1.0000	-1.0000	-1.0000	-1.0000	-1.0000	-1.0000	-1.0000	-1.0000	-1.0000	-1.0000	-1.0000	-1.0000	-1.0000	-1.0000	-1.0000	-1.0000	-1.0000	-1.0000	-1.0000	-1.0000	-1.0000	-1.0000	-1.0000	-1.0000	-1.0000	-1.0000	-1.0000	-1.0000	-1.0000	-1.0000	-1.0000	-1.0000	-1.0000	-1.0000	-1.0000	-1.0000	-1.0000	-1.0000	-1.0000	-1.0000	-1.0000

# waarv
0.1506	0.1507	0.1383	0.1568	0.1566	0.1604	0.1569	0.1570	0.1642	0.1565	0.1542	0.1473	0.1505	0.1467	0.1441	0.1368	0.1238	0.1115	0.1148	0.1130	0.1164	0.1165	0.1165	0.1184	0.1082	0.1005	0.1157	0.1128	0.1097
0.1731	0.1735	0.1670	0.2053	0.1906	0.2022	0.2041	0.1849	0.1922	0.1966	0.1866	0.1816	0.1767	0.1673	0.1716	0.1598	0.1459	0.1431	0.1330	0.1402	0.1337	0.1450	0.1492	0.1437	0.1258	0.1154	0.1261	0.1397	0.1270
0.2213	0.2002	0.2022	0.2452	0.2401	0.2212	0.2421	0.2210	0.2215	0.2166	0.2155	0.2208	0.2073	0.2067	0.1909	0.1783	0.1699	0.1789	0.1575	0.1564	0.1705	0.1627	0.1687	0.1724	0.1516	0.1534	0.1576	0.1619	0.1576

# waaacr
0.0730	0.0655	0.0756	0.0643	0.0730	0.0692	0.0729	0.0720	0.0710	0.0746	0.0745	0.0773	0.0823	0.0770	0.0763	0.0798	0.0715	0.0695	0.0670	0.0759	0.0615	0.0600	0.0703	0.0748	0.0446	0.0623	0.0563	0.0569
0.1215	0.1145	0.1217	0.1333	0.1151	0.1214	0.1356	0.1237	0.1244	0.1241	0.1207	0.1226	0.1177	0.1197	0.1240	0.1112	0.1053	0.0942	0.1007	0.1099	0.1042	0.1024	0.0982	0.1000	0.0693	0.0949	0.0771	0.0816

# Maturity ogive (2, 11+)
 0	0	1	1	1	1	1	1	1	1

# init_tauAge3P
 0.707479 0.518079 0.707479
 0.707479 0.518079 0.707479
 0.707479 0.518079 0.707479

# init_tauAgeT
 0.707479 0.707479

# M1
0.2


# eof
4444
