# p258
   0.72   0.93   0.89   0.92   0.87   0.86   0.74   0.65   0.69   0.66   0.73   0.71   0.71   0.74   0.85   0.87   0.86   0.90   0.96   0.96   0.98   0.95   0.95   0.99   0.92   0.94   1.00   1.00   1.00   1.00   1.00    1.00    1.00 1	1	1	1
   0.41   0.88   0.98   0.64   0.74   0.55   0.20   0.52   0.24   0.26   0.31   0.36   0.42   0.50   0.42   0.49   0.72   0.67   0.62   0.73   0.74   0.77   0.97   0.98   1.00   1.00   0.96   1.00   0.99   0.97   1.00    1.00    1.00 1	1	1	1
   0.85   0.90   0.93   0.83   0.79   0.77   0.76   0.58   0.47   0.46   0.49   0.51   0.53   0.55   0.62   0.62   0.72   0.77   0.80   0.81   0.87   0.83   0.97   0.93   0.94   0.94   0.93   0.99   0.84   0.96   1.00    1.00    1.00 1	1	1	1

# y1cal yTcal a1cal aTcal
  9 45 4 10

# rsel1 258
0.5951	0.8316	0.9434	0.9305	0.9181	0.8352	0.5210
0.5803	0.8026	0.9397	0.9456	0.8940	0.8313	0.7681
0.6430	0.8253	0.9225	0.9449	0.9021	0.8768	0.7791
0.6326	0.8756	0.9601	0.9608	0.8553	0.8300	0.7364
0.5881	0.8139	0.9333	0.9348	0.8551	0.7519	0.7579
0.4934	0.7390	0.9029	0.9348	0.9255	0.8988	0.7860
0.4461	0.6959	0.9259	0.8776	0.9160	0.8607	0.8086
0.4228	0.6261	0.8282	0.9304	0.9133	0.8487	0.8004
0.3369	0.6307	0.7875	0.9183	0.9497	0.8989	0.8441
0.3712	0.5207	0.7204	0.8576	0.9414	0.9159	0.8705
0.3810	0.5928	0.6745	0.8011	0.9110	0.9549	0.8626
0.3097	0.5465	0.7197	0.8652	0.9366	0.9504	0.9496
0.3467	0.5050	0.7051	0.8558	0.9283	0.9451	0.9409
0.3022	0.5161	0.6136	0.8009	0.8889	0.9503	0.9291
0.3108	0.4788	0.6711	0.8048	0.9095	0.9502	0.9579
0.2780	0.4579	0.6105	0.7751	0.8810	0.9528	0.9434
0.2658	0.4284	0.5675	0.7144	0.8439	0.9314	0.9423
0.2711	0.4113	0.5699	0.7108	0.8163	0.9012	0.9308
0.2557	0.4032	0.5597	0.6833	0.8285	0.8996	0.9377
0.2211	0.4082	0.5204	0.6237	0.7839	0.8620	0.9083
0.2300	0.3779	0.5404	0.6394	0.7539	0.8815	0.9189
0.2646	0.3766	0.5372	0.6693	0.7506	0.8261	0.9016
0.1687	0.3611	0.5071	0.6358	0.7319	0.7823	0.8702
0.1988	0.2982	0.4943	0.6337	0.7387	0.8182	0.8437
0.1357	0.3044	0.3666	0.5704	0.6379	0.7255	0.7995
0.0875	0.2529	0.4082	0.4481	0.6542	0.7100	0.7930
0.0816	0.1944	0.3258	0.4673	0.5196	0.6942	0.8048
0.0851	0.2378	0.3212	0.4218	0.5289	0.5808	0.7388
0.1555	0.2453	0.3361	0.3818	0.4707	0.5599	0.6081
0.1333	0.2773	0.3200	0.4434	0.4946	0.5854	0.6449
0.1841	0.3324	0.4238	0.4903	0.5654	0.6313	0.6814
0.1947	0.2911	0.4246	0.5042	0.5770	0.6520	0.7600
0.1128	0.2839	0.3892	0.4809	0.5477	0.6070	0.6957
0.0823	0.1834	0.3301	0.4313	0.5300	0.5852	0.6616
0.0899	0.2006	0.3763	0.4518	0.5417	0.6071	0.6790
0.1585	0.2853	0.3835	0.5203	0.6031	0.6633	0.7535
0.1946	0.3145	0.4394	0.4859	0.5940	0.6770	0.7186

# rsel2 234
0.3544	0.6103	0.7924	0.9337	0.9653	0.9496	0.8030
0.3416	0.5633	0.7955	0.8921	0.9599	0.9405	0.9001
0.3980	0.5933	0.7591	0.8906	0.9195	0.9848	0.9284
0.3907	0.6752	0.8080	0.9379	0.9655	0.9569	0.9270
0.3491	0.5766	0.8447	0.9426	0.9587	0.9352	0.9422
0.2719	0.4869	0.6969	0.9270	0.9545	0.9601	0.9566
0.2331	0.4430	0.7098	0.7169	0.9475	0.9628	0.9593
0.2174	0.3804	0.5903	0.7700	0.8890	0.9681	0.9466
0.1642	0.3824	0.5398	0.7308	0.8690	0.9688	0.9659
0.1853	0.2919	0.4833	0.6451	0.7813	0.9263	0.9623
0.1949	0.3500	0.4263	0.5680	0.7476	0.8682	0.9553
0.1492	0.3174	0.4642	0.6430	0.7724	0.8592	0.9316
0.1700	0.2812	0.4556	0.6374	0.7542	0.8580	0.9294
0.1433	0.2886	0.3750	0.5647	0.6679	0.8682	0.9086
0.1492	0.2610	0.4212	0.5662	0.7162	0.8140	0.9103
0.1291	0.2450	0.3653	0.5284	0.6639	0.8031	0.9049
0.1222	0.2244	0.3302	0.4654	0.6136	0.7506	0.7806
0.1260	0.2136	0.3327	0.4606	0.5836	0.7056	0.8118
0.1161	0.2079	0.3252	0.4394	0.5969	0.7036	0.8050
0.0993	0.2117	0.2946	0.3811	0.5485	0.6521	0.7305
0.1028	0.1915	0.3121	0.3976	0.5126	0.6809	0.7466
0.1212	0.1896	0.3087	0.4246	0.5075	0.6090	0.7200
0.0705	0.1828	0.2871	0.3955	0.4889	0.5442	0.6598
0.0868	0.1421	0.2791	0.3963	0.4975	0.5988	0.6229
0.0561	0.1459	0.1848	0.3434	0.4071	0.4905	0.5724
0.0328	0.1201	0.2149	0.2416	0.4253	0.4755	0.5673
0.0295	0.0826	0.1593	0.2548	0.2932	0.4571	0.5748
0.0325	0.1086	0.1559	0.2211	0.2972	0.3387	0.4956
0.0619	0.1122	0.1645	0.1935	0.2551	0.3229	0.3633
0.0520	0.1289	0.1541	0.2374	0.2731	0.3442	0.3970
0.0818	0.1626	0.2240	0.2724	0.3303	0.3849	0.4315
0.0899	0.1395	0.2261	0.2835	0.3387	0.4045	0.5227
0.0422	0.1367	0.2000	0.2639	0.3118	0.3604	0.4416
0.0311	0.0794	0.1614	0.2277	0.3009	0.3447	0.4112
0.0328	0.0867	0.1917	0.2407	0.3091	0.3644	0.4277
0.0681	0.1328	0.1945	0.2946	0.3620	0.4174	0.5091
0.0869	0.1510	0.2311	0.2665	0.3571	0.4269	0.4726

# y1calx yTcalx a1calx aTcalx
  25 45 3 9

# rsel3 xnets
0.3314	0.5435	0.5828	0.5981	0.5985	0.5839	0.5587
0.3646	0.5438	0.5836	0.5985	0.5989	0.5866	0.5666
0.3274	0.5372	0.5808	0.5970	0.5978	0.5853	0.5670
0.2738	0.5169	0.5812	0.5937	0.5984	0.5892	0.5720
0.3879	0.5348	0.5784	0.5946	0.5977	0.5933	0.5675
0.2988	0.5143	0.5778	0.5926	0.5987	0.5933	0.5810
0.2030	0.3883	0.5555	0.5910	0.5957	0.5957	0.5914
0.2854	0.4753	0.5542	0.5845	0.5957	0.5951	0.5806
0.2499	0.3987	0.5399	0.5745	0.5944	0.5942	0.5938
0.1980	0.3704	0.4997	0.5754	0.5874	0.5942	0.5943
0.1479	0.3183	0.5093	0.5628	0.5902	0.5962	0.5948
0.3251	0.3701	0.5261	0.5627	0.5852	0.5986	0.6031
0.3556	0.4871	0.5299	0.5680	0.5794	0.5922	0.6002
0.2882	0.4698	0.5509	0.5695	0.5889	0.5963	0.6008
0.2883	0.4234	0.5448	0.5822	0.5906	0.5977	0.6012
0.2564	0.3502	0.5085	0.5777	0.5913	0.5989	0.5997
0.3327	0.4365	0.5100	0.5695	0.5887	0.5998	0.6014
0.2514	0.3574	0.3962	0.5584	0.5797	0.5952	0.5996
0.2072	0.3425	0.4849	0.5699	0.6053	0.6138	0.6168
0.3292	0.4339	0.5527	0.5926	0.6117	0.6173	0.6173
0.3995	0.5249	0.5774	0.5978	0.6006	0.6015	0.6022

# eof5
5432
